A_X [mg]	A_Y [mg]	A_Z [mg]
-319	35	-25
-527	222	-21
-373	357	167
-110	392	326
-277	281	191
202	44	444
-433	-876	178
-2605	-2434	-1220
-2404	-2842	-1565
-1026	-1993	-767
-344	-1383	-344
-185	-1032	-354
111	-622	-282
375	-400	-159
569	-219	-285
920	-31	-502
585	-22	-410
426	-713	-421
-211	-2459	-1055
-1556	-3712	-1370
-1962	-3008	-1100
-1178	-1353	-498
-549	-358	164
-461	-91	252
-311	132	184
-521	309	119
-208	432	273
-123	437	364
-47	322	427
480	25	351
-1049	-1353	-515
-2701	-3022	-1172
-1867	-2909	-1044
-544	-1847	-434
-7	-1202	-147
149	-764	-193
239	-452	-241
361	-311	-249
457	-288	-237
615	-242	-565
367	-298	-612
376	-961	-694
178	-2198	-1046
-962	-3153	-930
-1375	-2823	-765
-816	-1541	-549
-434	-633	79
-263	-165	316
-252	191	161
-493	352	137
-220	454	317
-196	449	408
-166	257	321
187	-320	95
-1212	-1747	-630
-2283	-3082	-1099
-1510	-2826	-958
-380	-1782	-628
161	-1105	-321
245	-660	-226
396	-405	-180
394	-284	-177
635	-193	-389
564	-263	-501
110	-795	-378
71	-1827	-822
-341	-2875	-1052
-1252	-3078	-543
-1164	-2053	-310
-404	-795	21
-226	-208	221
-194	61	168
-399	268	153
-445	326	211
-126	376	277
-356	261	200
-41	-70	245
33	-854	-42
-1892	-2384	-673
-2430	-2991	-932
-931	-2151	-469
-233	-1505	-53
-164	-1197	-180
-113	-765	-246
127	-425	-207
370	-254	-236
784	-184	-352
673	-206	-420
324	-516	-277
358	-1523	-765
-419	-2895	-1351
-1363	-3345	-953
-1308	-2322	-696
-688	-950	-246
-395	-228	207
-264	95	142
-410	293	136
-472	364	236
-195	397	321
-323	293	173
102	-1	295
-177	-803	-74
-1862	-2326	-913
-2381	-3131	-782
-1261	-2435	-125
-312	-1552	57
-76	-1012	-81
219	-621	-126
280	-511	-127
334	-476	-237
642	-279	-626
503	-148	-538
391	-483	-251
334	-1660	-707
-597	-3151	-860
-1422	-3417	-718
-1265	-2179	-592
-628	-801	-82
-209	-102	244
-258	225	140
-436	429	120
-320	493	282
-85	465	382
-252	280	356
173	-146	208
-431	-1207	-253
-2291	-2674	-807
-2230	-3028	-826
-979	-2137	-430
-235	-1344	-156
-17	-793	-92
279	-409	-119
439	-333	-205
587	-409	-330
750	-383	-431
528	-393	-533
243	-1294	-797
-623	-2796	-1139
-1477	-3398	-1302
-1487	-2490	-1222
-941	-1107	-463
-466	-251	155
-320	123	30
-410	281	84
-635	320	221
-390	309	406
-254	324	298
-293	133	143
95	-402	345
-823	-1553	-298
-2363	-2704	-1517
-1724	-2506	-1523
-482	-1695	-571
-69	-1219	-157
45	-838	-236
148	-493	-173
349	-331	-55
528	-309	-207
606	-268	-366
404	-504	-362
116	-1498	-747
-530	-2689	-1211
-1141	-2978	-1245
-1007	-2156	-822
-548	-1072	-73
-222	-417	258
-139	-19	65
-359	235	45
-591	335	205
-154	405	291
-318	325	217
-168	46	319
182	-629	136
-1707	-2015	-804
-2564	-3002	-1104
-1348	-2480	-663
-377	-1593	-280
-38	-1029	-144
198	-563	-198
356	-370	-203
518	-308	-307
796	-243	-486
511	-281	-405
321	-938	-387
-117	-2162	-994
-1031	-3049	-1228
-1246	-2792	-994
-803	-1699	-599
-443	-787	113
-329	-234	130
-226	121	26
-501	312	61
-376	397	184
-142	421	283
-401	248	60
-6	-258	110
-403	-1373	-144
-2077	-2785	-896
-2007	-2860	-1089
-603	-1852	-474
1	-1197	-102
112	-812	-188
178	-482	-147
288	-333	-54
446	-323	-197
531	-351	-441
386	-459	-304
336	-1171	-508
-86	-2490	-996
-1220	-3293	-910
-1453	-2672	-541
-698	-1266	-20
-358	-391	281
-143	32	218
-237	318	52
-448	416	167
-216	472	309
-171	376	219
61	91	306
-248	-758	-45
-1884	-2312	-850
-2177	-3056	-901
-1164	-2454	-428
-474	-1553	-156
70	-854	1
195	-457	-53
234	-238	-153
374	-160	-214
758	-231	-400
566	-312	-439
257	-801	-381
247	-2036	-1009
-790	-3271	-1132
-1685	-3319	-437
-1168	-2031	-584
-446	-746	-226
-370	-185	269
-325	121	131
-476	353	79
-415	415	199
-109	395	418
-381	275	239
95	12	330
184	-698	184
-1821	-2231	-623
-2673	-3105	-1002
-1284	-2426	-669
-308	-1536	-217
30	-965	-30
295	-513	-12
422	-266	-79
617	-275	-207
784	-303	-466
555	-444	-474
162	-1216	-665
-315	-2422	-1091
-1085	-3085	-853
-1237	-2611	-691
-674	-1482	-423
-341	-659	179
-285	-227	275
-218	134	145
-439	323	169
-399	417	305
-109	436	372
-446	215	118
4	-352	70
-214	-1507	37
-1965	-2759	-697
-1969	-2746	-1204
-593	-1807	-603
-73	-1291	80
-156	-951	-48
28	-595	-136
230	-389	-129
588	-298	-302
761	-238	-567
467	-327	-492
367	-1079	-430
-27	-2289	-1158
-822	-3153	-1101
-1264	-2917	-711
-901	-1693	-446
-481	-595	152
-384	-87	277
-359	240	151
-495	411	177
-192	420	377
-100	408	303
-404	129	147
93	-453	160
-634	-1716	-82
-2451	-3006	-659
-1781	-2650	-899
-250	-1601	-372
-4	-1177	12
-21	-815	-86
214	-462	-145
369	-371	-139
577	-341	-468
685	-321	-711
358	-575	-502
71	-1558	-688
-504	-2678	-930
-1061	-3014	-823
-913	-2335	-751
-596	-1276	-322
-489	-557	210
-360	-54	232
-360	230	138
-567	306	143
-274	378	285
-345	328	188
-208	87	214
189	-498	278
-1193	-1864	-511
-2289	-3023	-982
-1367	-2610	-605
-260	-1687	-276
-71	-1188	-217
35	-756	-164
212	-440	-175
353	-345	-217
630	-303	-372
504	-214	-516
419	-489	-296
362	-1580	-680
-528	-2948	-970
-1464	-3259	-562
-1075	-2169	-257
-349	-938	135
-306	-339	294
-244	58	216
-470	316	207
-442	387	323
-143	402	332
-345	199	131
5	-183	150
-22	-932	15
-1517	-2191	-587
-2018	-2861	-639
-978	-2317	-139
-179	-1536	-35
-32	-1103	-118
17	-744	-157
295	-449	-238
567	-408	-359
753	-414	-611
587	-351	-534
325	-997	-474
-153	-2322	-873
-1056	-3274	-1066
-1520	-3000	-822
-1102	-1567	-256
-416	-392	255
-239	18	187
-226	263	35
-395	350	81
-221	322	178
-165	290	220
-383	123	149
138	-277	124
-768	-1420	-192
-2182	-2766	-527
-1809	-2745	-596
-655	-1847	-344
-113	-1268	-48
-61	-857	-89
152	-540	-178
290	-411	-317
615	-367	-484
635	-243	-603
371	-422	-405
218	-1355	-611
-462	-2729	-1066
-1530	-3483	-788
-1804	-2676	-399
-996	-1112	8
-478	-181	106
-386	144	83
-412	320	173
-472	363	141
-126	420	287
-169	375	303
-241	48	256
70	-619	198
-1295	-1932	-414
-2425	-2857	-732
-1392	-2404	-388
-503	-1638	-212
-158	-1203	-40
135	-812	-21
304	-574	-272
470	-421	-317
689	-267	-478
475	-218	-481
166	-721	-370
-7	-1921	-818
-690	-2886	-959
-1152	-2807	-593
-836	-1744	-303
-264	-696	88
-107	-218	215
-145	77	61
-429	273	17
-442	316	71
-49	293	308
-402	133	301
57	-276	130
-401	-1322	-239
-2390	-2733	-798
-2223	-2860	-846
-648	-1762	-395
2	-1069	-99
-12	-733	-157
215	-436	-157
446	-317	-130
695	-310	-378
722	-249	-588
389	-446	-541
88	-1473	-640
-540	-2776	-890
-1288	-3195	-927
-1370	-2340	-690
-566	-1059	-61
-188	-371	297
-172	-117	262
-231	112	210
-562	239	100
-196	323	268
-302	279	235
-192	3	228
47	-640	18
-1510	-2098	-797
-2434	-3095	-1035
-1196	-2391	-489
-165	-1432	-104
28	-989	-148
238	-648	-155
279	-434	-288
389	-329	-372
713	-261	-522
582	-247	-584
278	-637	-331
252	-1853	-774
-463	-3185	-1099
-1527	-3317	-829
-1279	-1959	-495
-433	-551	42
-168	-57	340
-136	155	174
-365	297	29
-394	307	128
-69	297	279
-420	149	242
101	-141	185
40	-1024	-38
-1975	-2430	-672
-2074	-2844	-906
-887	-2123	-428
-303	-1504	-52
-81	-1054	-98
180	-648	-147
418	-434	-102
582	-313	-249
798	-213	-258
541	-357	-117
134	-1378	-621
-563	-2846	-1078
-1482	-3465	-708
-1556	-2481	-442
-659	-904	-249
-136	-243	212
-180	-121	305
-177	105	165
-487	238	73
-162	350	216
-171	366	226
-150	156	177
322	-387	191
-1037	-1684	-272
-2188	-2866	-684
-1563	-2687	-558
-604	-1843	-5
-101	-1215	136
54	-777	-69
101	-476	-98
278	-291	-102
597	-240	-304
666	-184	-665
552	-293	-493
436	-1233	-633
-350	-2755	-1072
-1652	-3483	-957
-1652	-2547	-608
-593	-1063	-33
-238	-439	377
-211	-156	300
-224	153	130
-516	286	70
-196	392	182
-193	327	197
-100	116	244
544	-353	349
-1040	-1714	-370
-2509	-3068	-1026
-1553	-2807	-663
-351	-1797	-17
-16	-1149	61
186	-630	-138
399	-365	-177
377	-282	-365
734	-147	-615
692	-90	-685
476	-313	-196
614	-1259	-521
-376	-2897	-1351
-1665	-3650	-975
-1249	-2608	-563
-427	-1211	-225
-307	-499	319
-134	-49	391
-240	326	114
-410	446	130
-129	497	331
-213	460	300
-76	192	293
133	-512	179
-1452	-2164	-406
-2603	-3428	-798
-1441	-2798	-628
-214	-1557	-233
213	-875	59
426	-462	-73
446	-335	-229
461	-389	-297
699	-359	-651
494	-370	-609
199	-905	-412
7	-2098	-878
-873	-3116	-1205
-1301	-2938	-907
-685	-1693	-277
-287	-692	265
-284	-203	250
-187	155	89
-466	332	150
-462	419	258
-129	393	267
-310	198	133
140	-267	215
-339	-1341	-69
-2054	-2734	-634
-2077	-2959	-660
-712	-2007	-265
-61	-1354	-41
-142	-1024	-195
91	-645	-132
263	-381	-165
638	-312	-356
868	-240	-571
594	-211	-467
557	-817	-403
121	-2205	-894
-995	-3398	-909
-1680	-3174	-880
-1050	-1730	-494
-495	-562	153
-337	-60	208
-254	271	96
-461	402	136
-218	452	346
-220	412	259
-25	137	260
291	-408	329
-1184	-1814	-292
-2416	-3091	-789
-1481	-2670	-477
-451	-1612	-141
-28	-1006	-22
88	-630	3
116	-398	-143
384	-340	-213
629	-416	-494
584	-374	-651
454	-522	-459
350	-1498	-700
-435	-2719	-810
-1441	-3214	-648
-1381	-2227	-490
-495	-800	6
-173	-279	223
-211	-96	120
-279	85	196
-558	176	193
-223	243	320
-352	233	264
-276	54	235
364	-436	335
-1011	-1693	-251
-2403	-2713	-884
-1424	-2231	-720
-440	-1557	-133
-324	-1335	26
-392	-1091	-148
-110	-622	-108
545	-321	-115
1018	-431	-564
1093	-359	-664
601	-599	-605
341	-1884	-1326
-486	-3484	-1181
-1730	-3647	-1014
-1308	-2259	-905
-617	-974	181
-714	-206	264
-560	395	-165
-671	595	-50
-351	598	369
-110	556	326
-428	251	68
60	-230	338
-648	-1491	-4
-2417	-3091	-660
-1743	-3018	-85
-281	-1834	382
-65	-1166	-2
141	-789	-179
270	-526	-162
432	-488	-385
912	-405	-753
759	-354	-653
379	-725	-444
122	-2026	-892
-1160	-3603	-764
-1996	-3469	-349
-1168	-1730	-221
-424	-433	259
-100	15	346
-13	224	164
-448	294	31
-465	352	144
-122	448	251
-478	256	57
-122	-96	193
53	-1011	125
-1916	-2742	-625
-2376	-3280	-726
-749	-2107	-72
43	-1216	113
35	-903	-40
178	-551	-102
350	-420	-200
633	-380	-482
930	-283	-716
368	-387	-420
260	-984	-398
212	-2314	-1110
-1053	-3454	-988
-1616	-2931	-319
-855	-1347	-183
-247	-348	128
-152	6	224
-201	230	55
-524	291	64
-285	320	258
-268	244	269
-353	-27	212
253	-538	314
-990	-1821	-388
-2344	-3044	-1045
-1490	-2698	-703
-380	-1684	-151
-58	-1009	-20
178	-492	-105
292	-247	-177
352	-143	-330
880	-143	-468
745	-208	-587
398	-532	-479
298	-1647	-734
-581	-3180	-1023
-1620	-3725	-888
-1632	-2559	-730
-838	-878	-18
-375	-29	314
-153	263	196
-359	422	150
-362	444	168
-104	451	289
-287	344	271
78	27	341
-383	-944	-37
-2114	-2605	-719
-2425	-3239	-769
-1125	-2279	-318
-158	-1275	-48
112	-768	-25
230	-445	-66
385	-356	-185
601	-374	-352
710	-324	-554
413	-356	-406
232	-1019	-447
-269	-2586	-921
-1542	-3678	-988
-1757	-2904	-698
-950	-1312	-183
-533	-328	114
-383	123	89
-321	388	99
-529	461	184
-337	494	352
-154	462	346
-278	212	257
182	-319	220
-911	-1640	-313
-2636	-3056	-896
-1964	-2888	-702
-557	-1799	-230
-120	-1186	-46
-66	-776	-105
139	-479	-207
270	-377	-371
723	-284	-551
777	-223	-690
206	-363	-429
298	-1151	-430
58	-2528	-931
-1216	-3339	-680
-1626	-2680	-401
-772	-1261	-119
-373	-419	338
-309	-139	389
-345	149	206
-535	313	146
-185	401	317
-163	426	192
-83	173	305
265	-430	273
-1320	-1999	-498
-2739	-3306	-695
-1411	-2667	-201
-204	-1573	-35
-72	-1053	-26
172	-628	-23
234	-398	-231
359	-360	-363
763	-297	-524
651	-245	-565
374	-514	-374
342	-1589	-574
-614	-2985	-841
-1800	-3358	-765
-1387	-2159	-526
-436	-815	-21
-337	-308	331
-244	-15	277
-352	192	203
-676	289	202
-174	404	306
-309	325	198
-352	-40	228
100	-830	150
-1576	-2417	-682
-2885	-3394	-1099
-1379	-2464	-491
-161	-1356	145
-22	-848	32
260	-486	-267
379	-365	-251
570	-344	-383
646	-338	-577
269	-454	-445
36	-1013	-575
-321	-2224	-973
-1098	-3282	-842
-1428	-2921	-687
-933	-1600	-327
-426	-626	294
-299	-124	260
-295	162	93
-406	282	86
-240	322	238
-138	330	239
-313	206	96
9	-177	193
-374	-1204	-122
-1761	-2593	-732
-1703	-2918	-696
-621	-2083	-325
-81	-1350	-175
50	-926	-92
87	-555	-119
190	-353	-221
450	-299	-395
674	-262	-548
533	-279	-395
354	-946	-479
-142	-2214	-820
-838	-3151	-784
-1215	-2990	-760
-1019	-1827	-494
-447	-684	165
-278	-79	179
-185	237	12
-373	331	86
-343	311	270
-227	271	347
-401	109	171
-134	-221	143
-611	-1136	-257
-1747	-2516	-829
-1919	-2992	-526
-1080	-2178	-112
-268	-1276	-202
-2	-819	-139
134	-532	-74
333	-366	-196
447	-282	-380
598	-205	-590
419	-211	-457
293	-699	-281
120	-1949	-859
-906	-3262	-1118
-1651	-3265	-657
-1190	-1864	-437
-459	-601	53
-266	-100	290
-103	117	136
-338	229	88
-410	305	146
-111	367	283
-381	234	208
59	-45	292
2	-768	4
-1799	-2301	-731
-2216	-3085	-624
-1095	-2378	64
-438	-1575	230
-75	-1105	150
-15	-730	128
128	-489	-3
319	-351	-213
675	-270	-423
561	-239	-458
247	-432	-75
509	-1365	-425
-305	-2891	-1133
-1619	-3601	-458
-1658	-2620	-88
-761	-994	-29
-296	-150	336
-193	115	325
-281	337	173
-395	376	108
-131	398	297
-318	356	222
-159	59	218
-21	-652	73
-1705	-2253	-535
-2688	-3353	-631
-1328	-2500	-176
-216	-1348	-4
-51	-975	-104
-35	-691	-88
137	-428	-170
304	-338	-336
562	-299	-539
626	-293	-617
195	-483	-335
154	-1286	-437
-238	-2638	-930
-1354	-3445	-819
-1451	-2603	-478
-553	-1206	-74
-233	-564	318
-199	-213	278
-246	114	169
-532	325	74
-201	438	214
-153	439	282
-166	247	273
306	-263	230
-858	-1644	-362
-2468	-3168	-817
-1723	-2985	-492
-383	-1825	-44
-76	-1147	-18
117	-722	-52
242	-442	-153
301	-382	-275
648	-291	-469
688	-217	-555
380	-421	-237
278	-1323	-522
-263	-2716	-827
-1163	-3487	-806
-1432	-2778	-795
-950	-1263	-193
-426	-256	282
-340	174	210
-355	393	242
-408	421	283
-110	448	266
-194	380	241
-53	107	276
-57	-680	31
-1861	-2317	-581
-2453	-3286	-414
-1311	-2510	-33
-294	-1507	-183
-10	-1024	-185
84	-605	-17
326	-376	-104
418	-312	-365
705	-265	-534
507	-244	-396
332	-589	-228
302	-1804	-696
-960	-3435	-885
-2011	-3554	-527
-1183	-1906	-282
-332	-620	118
-244	-198	251
-53	109	150
-364	284	77
-468	352	136
-175	396	181
-241	279	159
145	-4	337
-156	-903	-4
-1823	-2459	-632
-2271	-3193	-328
-1084	-2425	179
-184	-1449	45
3	-956	-93
146	-589	-80
305	-378	-160
383	-299	-375
723	-186	-537
555	-171	-361
389	-588	-217
204	-2010	-652
-1083	-3703	-772
-1772	-3606	-410
-1035	-1927	-306
-426	-658	89
-358	-58	256
-172	294	160
-382	440	165
-389	520	213
-73	479	298
-327	293	183
-13	-118	281
-316	-1221	66
-2130	-2870	-282
-2242	-3162	-192
-660	-2037	-79
-73	-1292	-76
-15	-901	-13
258	-535	-18
409	-423	-229
570	-429	-363
715	-375	-607
363	-396	-472
87	-981	-270
-93	-2285	-741
-939	-3319	-823
-1284	-3011	-477
-751	-1741	-182
-331	-732	188
-212	-207	261
-149	165	150
-423	338	135
-444	412	162
-110	436	234
-378	290	154
10	-68	260
-35	-1037	61
-1724	-2613	-470
-2263	-3213	-406
-1013	-2294	-32
-157	-1360	118
-65	-884	1
166	-558	-134
266	-475	-315
572	-451	-430
813	-327	-590
388	-384	-389
235	-1060	-329
-159	-2518	-966
-1335	-3687	-690
-1612	-3157	-422
-815	-1632	-368
-473	-640	156
-409	-159	274
-379	259	156
-570	514	112
-286	613	243
-58	565	308
-207	311	258
239	-158	401
-479	-1410	-102
-2202	-2983	-735
-1801	-3107	-190
-478	-2046	215
-4	-1286	21
125	-865	-38
166	-701	-124
275	-671	-271
692	-480	-623
610	-409	-680
58	-667	-226
117	-1472	-496
-303	-2706	-858
-1359	-3360	-505
-1412	-2457	-179
-580	-984	147
-182	-264	362
-139	55	197
-180	252	78
-449	316	66
-138	423	204
-266	370	125
-242	159	164
126	-391	200
-1283	-1963	-342
-2481	-3358	-284
-1617	-2884	306
-394	-1688	355
-47	-1031	4
95	-656	-53
285	-489	-107
394	-458	-351
549	-404	-544
391	-383	-594
97	-663	-299
49	-1676	-387
-389	-2862	-588
-1144	-3191	-244
-1085	-2317	-13
-440	-1001	72
-132	-302	209
-109	14	138
-253	266	86
-474	373	117
-100	473	211
-218	401	174
-149	85	206
259	-650	267
-1446	-2202	-199
-2368	-3275	-263
-1190	-2611	12
-283	-1598	-74
-62	-1097	-80
187	-659	-111
380	-458	-324
492	-378	-528
785	-238	-716
365	-297	-451
224	-866	-186
204	-2142	-909
-967	-3485	-1004
-1574	-3303	-378
-844	-1742	-286
-330	-622	170
-251	-117	335
-56	239	115
-389	395	10
-421	437	84
-147	470	235
-420	309	124
-43	-195	222
-241	-1273	51
-1975	-2876	-523
-2097	-3265	-464
-587	-2164	-18
-17	-1344	-28
-22	-994	-82
135	-644	-82
259	-469	-272
469	-365	-420
669	-297	-599
262	-383	-468
212	-980	-400
278	-2290	-785
-718	-3343	-622
-1314	-3054	-171
-930	-1726	-51
-448	-568	239
-315	-27	303
-222	271	98
-423	373	75
-281	369	138
-89	313	182
-382	74	148
318	-317	204
-546	-1495	-127
-2113	-2881	-434
-1567	-2792	-306
-524	-1872	-149
-151	-1425	-61
-199	-1130	-99
92	-776	-79
301	-569	-227
576	-449	-542
701	-301	-688
380	-335	-230
247	-1056	-305
-116	-2358	-954
-900	-3223	-524
-1217	-2794	-236
-770	-1499	-113
-229	-512	219
5	-124	169
-158	89	36
-418	231	-19
-304	321	126
-214	311	173
-155	147	178
164	-248	332
-731	-1439	-61
-2042	-2987	-423
-1723	-3130	-30
-643	-1987	84
29	-1153	-125
79	-768	-111
301	-521	-79
419	-390	-336
586	-253	-517
684	-126	-540
241	-329	-405
216	-1265	-439
-109	-2616	-919
-963	-3387	-579
-1212	-2801	-29
-546	-1379	170
-84	-402	457
-116	-32	377
-141	272	144
-351	420	58
-227	400	175
-136	336	254
-434	95	71
170	-351	137
-272	-1425	130
-2113	-2856	-262
-1759	-2996	-143
-447	-2009	94
-109	-1453	-30
-108	-1086	22
130	-811	-134
208	-446	-232
