A_X [mg]	A_Y [mg]	A_Z [mg]
56	824	-591
-676	1615	-657
-973	1513	-180
69	828	315
743	411	591
484	626	457
243	818	204
184	821	-56
-136	1420	-192
-463	1759	361
-18	1217	963
82	1385	531
-195	1733	-765
267	1500	-472
482	1453	439
330	1096	-230
231	523	-352
-140	329	-204
13	244	-367
79	56	-297
308	101	262
1155	1034	1209
1188	1742	1286
952	1337	449
808	1058	-367
391	757	-671
60	954	-491
-438	1552	-220
-732	1472	-302
-207	1008	-124
240	602	375
328	641	409
392	696	324
261	658	99
74	935	-145
-399	1611	122
-357	1621	629
153	1263	747
8	1617	-217
334	1620	-837
599	1441	199
165	1173	228
144	643	-477
-7	343	-239
-104	317	-283
108	230	-348
183	26	176
1004	734	971
1107	1472	1104
582	850	172
1073	797	-489
817	1597	-368
-228	1325	-361
-478	1041	-411
-644	1352	-320
-550	1088	-170
315	700	305
574	739	512
366	649	234
168	1004	-157
-410	1706	126
-321	1470	849
275	1071	619
104	1258	583
8	1511	-205
393	1460	-908
246	1604	226
96	1558	306
239	763	-444
45	404	-302
33	308	-281
69	134	-281
325	-40	342
1075	588	860
1045	1541	913
833	1260	392
1144	936	-268
609	1000	-362
-79	1051	-349
-428	1297	-445
-674	1431	-299
-319	1052	-3
312	649	322
598	710	410
378	679	322
232	677	124
-167	1358	-393
-378	1729	284
16	1284	1165
146	1110	750
-12	1502	157
-90	1746	-722
123	1535	-657
451	1494	266
452	1198	-10
69	674	-423
-221	349	-281
-64	221	-471
185	29	-272
643	40	503
1298	1322	1101
906	1330	848
668	615	46
890	1376	-370
265	1402	-457
-211	925	-511
-531	1227	-443
-731	1220	-149
-54	873	308
670	728	481
571	702	381
289	768	241
30	1037	-238
-324	1514	-166
-190	1438	852
188	1100	1078
43	1300	446
-199	1650	-369
181	1528	-940
623	1435	-244
456	1356	378
240	838	-144
167	537	-306
-143	352	-245
25	294	-330
89	113	-164
400	210	393
1183	1096	1206
918	1256	1015
821	1022	37
847	1246	-385
301	1002	-443
-124	879	-270
-449	1265	-177
-498	1227	-279
-106	930	75
315	723	326
481	714	364
262	662	327
123	776	34
-147	1441	-472
-334	1682	349
1	1302	1471
104	1303	746
158	1453	-68
169	1517	-670
332	1622	-422
607	1376	292
483	873	-23
1	591	-299
-287	395	-248
-95	185	-262
88	-35	18
657	-29	731
1309	1212	1079
689	1303	832
509	646	160
1051	1393	-405
247	1173	-394
-399	917	-469
-450	1352	-460
-487	1068	-39
186	712	422
543	747	457
335	664	293
286	828	-78
-198	1389	-280
-449	1529	723
72	1181	1097
255	933	406
207	1423	127
37	1853	-595
73	1578	-678
574	1367	279
267	1005	-94
-112	574	-354
-41	299	-212
45	206	-402
190	-72	-1
794	485	831
1187	1537	1223
715	1030	510
862	989	-234
650	1370	-481
27	921	-459
-268	1047	-447
-685	1449	-472
-436	1100	66
368	693	527
671	736	354
335	714	299
285	621	-12
-141	1198	-137
-453	1527	871
6	1272	1085
96	1435	188
160	1487	-393
298	1462	-711
474	1382	25
308	1213	218
86	938	-339
-17	567	-192
-81	380	-281
154	233	-303
27	76	-95
470	179	497
1176	1111	1290
795	1403	1005
736	1166	-50
710	1270	-504
86	777	-448
37	853	-466
-523	1487	-420
-701	1258	-17
459	673	495
745	663	401
257	693	249
191	741	-85
-110	1406	-475
-457	1600	591
-100	1097	1224
317	1354	447
239	1817	-478
113	1554	-755
295	1419	-98
429	1386	193
66	856	-251
-263	368	-368
77	193	-266
92	-56	-216
441	73	350
1159	970	1225
987	1553	1149
884	1253	62
701	903	-576
196	829	-525
-138	1098	-319
-643	1520	-468
-539	1227	-172
389	648	551
594	711	402
243	761	218
177	753	78
-33	1359	-392
-508	1708	169
-135	1210	1230
392	1201	851
88	1779	-329
-73	1808	-892
204	1566	-456
699	1311	348
443	982	6
-229	556	-335
-62	327	-174
73	225	-364
227	-110	91
881	325	865
1037	1382	1082
1111	1550	507
806	1245	-320
-19	791	-503
-136	701	-464
-470	1448	-563
-672	1331	-33
423	641	567
712	697	349
184	735	162
190	658	57
-20	1331	-398
-431	1612	494
-183	1192	1463
345	1503	300
163	1783	-516
69	1504	-614
499	1531	-51
445	1485	229
185	897	-258
-33	410	-166
-196	297	-359
143	169	-350
148	14	-109
517	173	433
1219	1083	1198
1002	1390	956
803	1032	-64
721	1143	-604
74	998	-332
-500	1203	-220
-696	1416	-536
-302	913	-2
447	615	586
740	755	476
437	844	425
143	676	313
116	948	-110
-314	1657	-459
-186	1374	1125
295	1274	1307
114	1827	-496
-43	1728	-862
218	1527	-569
674	1297	105
607	1041	131
94	672	-89
-278	311	-192
5	186	-318
205	82	-117
261	-42	209
1009	608	945
1115	1521	1221
695	1051	443
787	1042	-410
365	1210	-356
-178	925	-196
-403	1434	-639
-620	1310	-359
75	734	477
639	708	471
329	717	332
108	723	65
-74	1296	-398
-352	1560	596
-75	1121	1329
389	1314	319
184	1832	-461
51	1625	-873
501	1369	-96
614	1228	545
161	972	-238
-235	594	-317
-44	247	-193
250	212	-367
148	17	47
854	395	763
1382	1360	1187
1086	1576	699
671	1192	-352
149	730	-609
13	785	-554
-476	1548	-645
-757	1447	-69
239	632	591
763	627	402
267	734	186
112	623	26
-1	1118	-232
-396	1533	330
-276	1347	991
277	1388	630
169	1688	-181
56	1652	-648
500	1405	-194
508	1273	189
164	1051	-245
-108	581	-275
-118	327	-305
191	247	-348
228	84	-90
434	-80	206
1112	688	845
1004	1426	1194
596	1120	482
691	1412	-507
188	1028	-510
-250	906	-418
-394	1481	-541
-496	1071	-56
141	733	477
534	680	439
382	730	168
202	691	55
-27	1164	-201
-423	1589	186
-226	1264	1064
190	1353	710
-4	1739	-499
236	1591	-777
711	1300	25
508	1143	261
87	929	-95
-214	496	-270
23	234	-366
186	148	-253
174	2	169
1009	659	859
1010	1412	1297
577	1150	736
852	1194	-171
707	1242	-583
204	801	-491
-266	1106	-354
-605	1459	-535
-486	1219	-197
83	733	488
612	635	521
418	751	187
127	670	57
35	1108	-243
-395	1674	-88
-225	1421	1056
205	1146	1030
117	1494	-149
-120	1680	-723
139	1527	-194
569	1378	227
385	1011	-168
-21	468	-215
-155	212	-290
130	135	-336
201	128	-121
613	204	434
1187	1019	1202
927	1386	1059
832	995	40
798	1425	-682
185	996	-587
-669	1200	-588
-913	1628	-475
-86	717	345
785	616	740
721	756	449
312	614	390
37	883	113
-331	1482	-364
-234	1483	668
218	1049	1416
120	1361	172
-124	1885	-895
218	1622	-475
615	1258	293
297	991	-200
-189	497	-324
-183	124	-240
90	76	-456
257	1	-55
701	431	623
1266	1443	1374
1086	1449	856
906	1034	-85
636	1224	-649
48	1082	-806
-426	1208	-636
-840	1667	-742
-609	1099	-58
190	563	825
705	712	487
506	786	173
392	649	-26
133	1152	-23
-553	1701	589
-344	1238	975
106	1253	669
-62	1775	-601
291	1564	-557
530	1374	423
153	1246	-11
-178	621	-406
-163	205	-327
147	104	-565
253	28	-108
888	444	706
1250	1523	1091
758	1524	945
756	1090	245
783	1178	-561
101	894	-695
-549	1267	-215
-624	1501	-146
-24	735	127
551	518	431
397	687	275
287	673	10
287	1088	-181
-247	1603	510
-486	1497	1512
14	921	1063
244	1029	-452
18	1724	-817
94	1681	241
497	1436	373
213	1095	-481
-216	366	-402
188	112	-261
174	-319	-363
597	191	441
1081	1565	1292
504	1098	671
785	872	-458
948	1659	-536
-94	1259	-347
-466	1329	-358
-264	1188	26
236	561	463
441	680	459
261	497	98
219	999	-254
-529	1765	237
-407	1328	1186
220	1298	728
112	1718	-669
277	1634	-587
613	1468	314
421	1086	82
-159	679	-369
-334	366	-326
130	73	-444
383	-132	-81
794	382	930
1392	1517	1297
881	1414	916
440	437	53
881	1048	-699
511	1922	-311
-195	1188	-230
-230	883	-738
-442	1263	-472
-360	957	231
471	714	510
644	639	306
237	636	36
52	1213	-205
-605	1552	316
-327	1150	1003
469	1410	425
140	1861	-738
190	1593	-418
567	1557	577
334	1204	-112
-211	624	-517
-186	202	-278
253	30	-531
326	-82	-27
823	622	1051
1182	1645	1345
504	680	553
694	601	-262
899	1660	-483
267	1105	-430
-302	969	-537
-731	1564	-516
-497	1084	6
178	661	451
672	689	537
397	617	415
207	727	-76
-8	1340	-571
-399	1636	521
-134	1037	1646
315	1118	283
287	1895	-1021
-119	1830	-507
571	1341	413
519	1029	-122
-433	531	-644
19	165	-298
220	-316	-378
543	-120	474
1379	1323	1329
742	1213	662
722	791	-201
983	1651	-403
43	1336	-452
-192	790	-663
-493	1416	-685
-763	1484	-114
-150	829	564
461	621	549
525	631	279
401	751	-140
-119	1488	-128
-617	1659	981
-85	1047	1098
348	1505	-316
70	1717	-805
390	1468	27
806	1264	421
393	992	-71
-164	877	-403
-147	378	-261
179	100	-299
130	-69	-67
680	590	898
1200	1517	1419
980	1283	623
794	1029	-393
359	1010	-762
-133	982	-692
-610	1456	-276
-690	1376	-59
-137	693	161
390	668	366
412	838	269
329	653	157
196	1008	-161
-299	1691	64
-358	1409	1074
-101	1360	1081
68	1639	-38
416	1445	-813
499	1271	-330
359	1088	442
213	934	-54
-91	630	-394
-7	298	-148
69	209	-301
306	201	159
988	998	1310
1120	1508	1162
942	1013	-75
683	1147	-586
149	871	-610
-426	1008	-597
-808	1680	-530
-612	1049	52
295	528	617
718	709	422
394	702	180
273	946	-268
-198	1539	79
-471	1446	1088
27	1391	793
219	1637	-515
314	1430	-552
514	1184	233
286	973	-142
-54	768	-226
-233	405	-188
123	353	-337
156	191	-301
415	365	264
1195	1360	1432
785	1183	1054
701	990	-106
522	1371	-549
132	734	-510
-97	909	-594
-681	1622	-534
-288	916	227
544	607	570
576	822	215
273	620	39
228	764	-173
-84	1387	32
-524	1524	835
-111	1201	851
459	1409	131
228	1764	-513
222	1506	-529
586	1087	203
525	866	5
-156	670	-610
-253	582	-148
151	312	-211
331	292	-78
1057	1120	1324
1117	1400	1294
932	994	346
686	1163	-232
260	770	-626
61	759	-758
-699	1723	-653
-567	1105	283
494	522	679
650	788	240
273	634	26
208	835	-174
-216	1398	183
-477	1422	820
43	1293	688
281	1550	158
330	1540	-617
478	1354	-297
529	1122	449
182	858	-240
-277	590	-543
-57	388	-86
161	223	-340
360	215	49
1081	1268	1349
902	1312	1151
717	823	152
641	1267	-416
87	810	-701
-15	891	-677
-723	1689	-580
-350	1019	307
677	533	604
558	767	143
243	650	36
110	1011	-228
-119	1465	123
-370	1403	923
-13	1338	808
247	1542	-41
263	1547	-563
478	1349	-116
473	1053	255
106	802	-271
-175	583	-432
-16	272	-266
171	324	-345
247	273	135
1071	1010	1083
1122	1421	1119
686	684	348
1018	1061	-231
505	1193	-496
103	886	-460
-450	1527	-386
-741	1291	-217
131	585	213
537	774	441
416	813	273
265	738	196
99	902	83
-27	1353	7
-261	1498	1055
-174	1439	1004
144	1606	-571
228	1600	-601
503	1347	71
520	985	-107
-19	730	-314
-250	454	-243
49	388	-395
244	44	-251
729	563	822
1321	1494	1378
967	1133	510
487	1173	-310
404	807	-695
-133	948	-704
-840	1731	-331
-175	944	138
854	468	497
533	771	412
186	606	78
243	988	-272
-89	1513	-117
-411	1451	980
-171	1311	1250
196	1424	265
193	1702	-609
309	1500	-521
511	1136	363
162	898	-99
-6	559	-571
28	228	-333
274	169	-165
943	852	933
1178	1397	1363
997	1105	281
589	1071	-482
220	823	-675
-133	1029	-594
-776	1689	-547
-433	1065	-90
650	546	596
618	766	374
236	687	98
37	1050	-165
-330	1462	393
-265	1322	1060
126	1335	604
271	1442	110
224	1568	-290
247	1553	-458
493	1276	-47
582	1084	325
162	885	-156
-159	628	-331
-220	473	-142
-27	303	-383
284	240	-259
284	211	51
836	593	794
1379	1622	1588
785	916	849
623	598	-347
718	1488	-398
-124	1170	-474
-616	1500	-687
-268	1178	61
494	623	490
456	668	242
132	574	-224
201	1089	14
-323	1415	1061
-513	1346	890
6	1598	102
338	1776	-334
368	1433	-606
552	1333	-119
581	1223	375
159	947	-199
-159	708	-514
-52	305	-188
155	161	-348
289	122	-129
829	1230	1049
1008	1405	1189
667	678	522
752	1126	-2
468	774	-588
-371	1110	-239
-527	1832	74
124	1098	-16
342	702	231
260	789	198
350	567	129
77	721	176
-82	957	169
93	1069	358
77	1032	295
210	736	538
354	1131	414
512	1771	-416
619	1816	-261
237	1839	11
61	1353	-269
58	463	-292
227	171	-347
-41	-144	-361
318	48	442
1371	1257	1329
1195	1448	1046
961	914	56
697	1045	-438
303	845	-554
172	946	-573
-587	1627	-773
-914	1266	-287
1	601	746
514	778	495
397	881	166
333	698	210
101	1289	-342
-376	1691	501
-359	1319	1443
193	1402	539
418	1686	-353
433	1548	-841
519	1356	-458
343	1044	-27
-207	561	-330
-191	375	-274
5	284	-349
113	53	-207
956	788	1074
1243	1575	1395
832	786	128
826	1048	-638
451	1291	-655
-97	745	-599
-537	1464	-767
-864	1365	-363
7	638	652
695	727	435
342	737	36
248	831	-90
-223	1538	-38
-584	1587	840
47	1168	943
233	1433	148
163	1645	-443
338	1517	-696
478	1203	-146
460	1032	131
-100	665	-317
-252	384	-277
2	259	-358
141	67	-143
1093	1160	1142
1161	1436	1392
651	732	142
524	822	-549
-33	946	-532
-583	1405	-701
-719	1465	-323
83	630	514
669	690	372
340	807	273
149	778	-163
-151	1409	-57
-411	1458	1147
40	1319	791
317	1571	-251
424	1545	-626
618	1326	-108
362	1073	173
36	882	-150
-228	537	-258
-154	309	-370
127	175	-316
331	110	337
1317	1341	1412
1091	1338	1302
682	778	-55
796	1325	-647
69	956	-456
-252	1031	-653
-743	1711	-667
-586	1148	47
404	512	591
712	760	446
445	668	209
166	851	-194
-336	1554	181
-487	1485	1191
112	1330	567
258	1564	-258
375	1541	-530
568	1291	-79
234	1034	212
-25	852	-240
-208	545	-180
-189	321	-396
65	297	-390
178	78	-143
1016	974	964
1196	1452	1465
705	918	236
803	1126	-521
211	950	-599
-346	1163	-394
-650	1598	-450
-281	969	-86
581	583	480
492	724	356
247	701	-67
67	1141	-120
-473	1552	620
-296	1293	964
219	1396	357
249	1673	-535
446	1475	-378
483	1252	153
119	1063	-194
-127	734	-333
-230	399	-303
-33	204	-458
164	198	-390
312	190	125
1144	1213	1135
1188	1576	1285
537	501	347
747	1035	-228
325	1278	-583
-63	742	-557
-401	1377	-500
-573	1346	-318
234	620	458
610	700	554
499	783	266
251	684	164
114	892	-257
-183	1447	174
-481	1483	1062
48	1265	719
361	1586	-199
233	1589	-538
582	1269	-97
346	1081	147
-84	899	-232
-277	344	-431
7	257	-341
196	143	-362
290	172	126
1158	1339	1181
1097	1310	1193
861	753	-38
690	1233	-623
94	993	-529
-397	1161	-658
-685	1603	-422
-101	734	295
665	642	509
576	804	204
194	630	170
16	1019	-187
-358	1516	143
-386	1488	1074
192	1267	666
301	1513	-222
143	1588	-513
471	1314	-20
411	1043	103
33	788	-244
-239	441	-369
-40	267	-377
245	218	-267
219	171	62
1105	815	1086
1202	1495	1526
842	1140	482
753	1022	-499
246	921	-615
-88	805	-535
-658	1565	-502
-464	1244	-111
476	541	445
582	724	329
300	682	46
198	718	-43
113	1190	-194
-162	1503	399
-552	1479	1133
-126	1251	814
238	1398	160
147	1686	-522
443	1466	-350
488	1138	246
161	995	-203
-121	731	-468
-251	353	-321
87	225	-390
213	209	-357
448	334	317
1295	1342	1391
1065	1591	1391
543	740	401
789	1129	-257
271	1170	-634
-34	668	-614
-384	1445	-648
-640	1396	-219
283	605	572
653	733	346
307	678	38
91	837	-127
-49	1328	-127
-443	1483	744
-439	1387	1039
197	1233	533
331	1505	18
231	1704	-515
551	1331	-130
332	1099	147
-117	859	-366
-178	309	-445
159	242	-309
287	243	-208
621	405	587
1424	1405	1395
1078	1526	1189
763	810	375
742	1075	-336
258	977	-644
-257	1004	-650
-824	1794	-505
-501	1220	-107
551	524	337
688	711	431
301	711	175
67	854	-57
-54	1263	-217
-285	1410	329
-401	1341	1056
62	1278	809
140	1480	158
81	1617	-609
463	1435	-249
365	1197	195
-0	946	-235
-220	519	-271
-72	229	-369
305	243	-406
291	294	137
1191	831	1070
1420	1654	1409
789	1177	863
1072	1141	61
733	1503	-563
74	637	-733
-627	1272	-691
-1286	1723	-485
242	692	182
1338	556	745
250	793	497
-76	939	-411
-121	1412	-480
-313	1576	537
111	1344	518
54	1088	130
-151	1239	468
76	1582	341
326	1513	-415
604	1138	-801
495	741	-74
206	723	588
-0	654	-119
-92	242	-344
12	208	21
98	341	24
420	555	675
840	1399	1318
723	1406	982
787	559	234
1113	987	-285
718	1166	-612
292	591	-391
-199	1223	-647
-870	1541	-945
-399	870	267
452	826	704
662	847	113
342	730	50
69	1124	-197
-419	1577	65
-510	1426	893
170	1152	825
186	1507	146
290	1584	-609
536	1311	-384
376	1144	182
143	902	-71
-248	539	-374
-91	285	-383
240	180	-265
258	203	225
1089	1007	1259
1249	1749	1551
628	928	554
811	667	-398
752	1383	-684
309	1032	-633
-189	1136	-642
-801	1604	-623
-401	927	83
639	617	568
598	823	249
186	707	35
31	1134	-130
-503	1644	295
-585	1436	1204
35	1277	786
283	1501	122
288	1596	-205
445	1483	-647
521	1338	-304
494	1144	85
126	839	-79
-288	529	-258
-22	327	-377
220	211	-253
419	259	272
1158	1075	1304
1013	1489	1477
518	752	218
877	969	-450
420	1322	-700
112	672	-454
-250	1323	-463
-553	1256	-532
