A_X [mg] 	 A_Y [mg] 	 A_Z [mg] 	G_X [dps] 	 G_Y [dps] 	 G_Z [dps] 
80	931	-354	0.665	-5.075	-5.01375
65	931	-352	-0.02625	-7.72625	-8.575
4	949	-344	-1.40875	-12.8713	-11.515
50	960	-343	-4.66375	-23.8613	-15.54
174	933	-341	-7.81375	-25.025	-11.7075
160	861	-335	-4.97875	-9.8175	5.81875
151	906	-339	1.65375	-1.085	3.9725
119	908	-330	2.38	-0.06125	-9.5725
68	922	-322	1.785	-5.3375	-18.55
1	900	-325	-0.665	-18.0863	-33.3725
26	878	-330	-1.82875	-35.6125	-61.2238
-27	879	-320	-2.14375	-47.1188	-85.9163
-171	805	-328	-1.6625	-57.9688	-111.361
-312	917	-364	-0.7875	-68.005	-137.174
-312	993	-356	-9.16125	-61.0225	-130.401
-613	906	-322	-16.5113	-31.6488	-67.76
-671	887	-301	-8.61875	-15.1375	-6.90375
-512	962	-294	-3.50875	-0.35875	28.8225
-418	922	-303	-4.9	22.225	64.5225
-335	877	-288	-2.555	41.3088	97.5888
-231	870	-279	3.15	51.1	117.644
-135	906	-282	7.245	55.5888	129.194
-44	907	-290	9.33625	55.65	132.764
51	921	-297	9.94875	50.4	126.464
111	918	-305	7.49	41.9213	108.92
196	904	-311	3.15875	29.6188	79.1263
290	877	-301	0.1225	17.6575	49.91
298	865	-296	-0.35875	9.63375	30.0213
310	867	-304	-0.2275	1.995	10.9813
297	873	-298	-0.06125	-4.10375	-4.025
279	890	-303	-0.98875	-11.2963	-18.9
249	889	-310	-2.37125	-19.5913	-36.75
188	906	-305	-3.40375	-29.61	-58.2488
204	913	-315	-6.64125	-42.07	-87.5613
113	873	-299	-9.54625	-48.1688	-111.589
17	856	-282	-9.63375	-56.4638	-140.473
-88	879	-277	-11.305	-60.55	-165.48
-270	868	-261	-15.26	-55.2213	-162.934
-520	970	-272	-14.245	-43.1025	-135.284
-666	950	-271	-12.5213	-25.6813	-72.5638
-611	958	-256	-5.8975	-4.2	2.75625
-504	905	-252	0.56	16.8175	53.1388
-378	896	-252	7.41125	33.25	84.8225
-321	882	-258	13.6588	45.0975	104.965
-217	907	-266	17.9988	49.2363	112.166
-148	894	-281	20.4488	49.49	114.205
-3	926	-307	20.5275	44.4413	108.465
31	929	-326	17.675	41.8775	100.293
94	920	-335	13.685	36.2863	87.0275
143	895	-338	10.3425	29.7325	71.3913
181	891	-338	8.8725	21.3675	55.8513
217	892	-346	6.755	11.865	40.8713
280	890	-355	2.96625	3.5175	26.39
302	880	-355	-0.23625	-0.385	15.9513
280	878	-347	-1.4	-3.05375	4.96125
268	882	-346	-2.94	-6.8075	-7.09625
240	899	-348	-4.8825	-11.9263	-20.9038
238	892	-344	-8.0325	-19.3725	-41.1163
195	891	-331	-11.69	-26.7488	-58.3975
142	892	-326	-15.4263	-37.8613	-83.3438
95	888	-313	-18.2263	-50.61	-115.736
-22	859	-291	-20.685	-59.955	-142.03
-178	942	-274	-24.0538	-64.26	-159.11
-287	879	-261	-26.4163	-56.4725	-137.34
-558	981	-252	-19.81	-39.9088	-98.6038
-535	969	-246	-14.9275	-22.6713	-45.5438
-513	930	-224	-7.665	2.30125	13.0025
-415	922	-222	1.86375	21.3588	52.0625
-342	907	-228	9.6075	36.5312	83.6238
-261	901	-243	16.03	45.9813	105.98
-164	910	-252	21.49	50.1288	118.536
-69	929	-271	23.2663	49.8225	120.138
7	921	-289	22.2513	45.2725	109.174
104	934	-304	18.235	38.0975	89.1188
116	920	-313	14.5513	32.8038	74.4275
174	915	-320	11.8038	23.485	57.3825
224	905	-324	9.03	16.03	45.5613
246	889	-326	7.0175	9.87	38.78
277	872	-331	6.04625	4.235	33.1975
304	881	-339	5.6	1.09375	28.1663
327	875	-345	4.61125	0.0175	21.4025
331	864	-348	4.05125	-0.07875	14.6738
349	867	-356	2.695	-1.54	4.12125
358	871	-357	0.2275	-4.97875	-11.655
320	871	-355	-3.2725	-8.9425	-28.2975
292	876	-352	-7.3325	-15.3738	-47.3375
238	886	-338	-11.97	-23.3713	-68.355
164	901	-330	-16.7125	-34.965	-98.0438
113	862	-317	-20.3088	-47.39	-132.16
10	814	-286	-20.8425	-55.2913	-156.783
-194	935	-277	-22.7763	-56.7263	-170.109
-288	905	-274	-26.9763	-51.0038	-153.335
-528	964	-251	-25.9875	-31.7713	-101.465
-653	939	-238	-18.4713	-15.6713	-45.7975
-549	949	-215	-7.7175	-0.5425	6.95625
-478	901	-211	2.415	17.045	50.9863
-371	905	-217	13.7463	30.0825	87.7013
-276	898	-238	21.525	38.85	115.553
-153	903	-260	26.5825	43.2513	131.845
-39	919	-277	27.2213	44.2313	134.435
28	908	-291	25.9613	41.9213	128.686
128	897	-316	22.9775	32.48	106.348
218	902	-341	18.1213	23.065	78.1725
248	894	-350	13.1425	17.8588	57.6625
267	900	-355	8.68	12.8275	42.7875
286	888	-358	4.0075	6.72875	26.4775
315	870	-355	0.35	1.2775	11.7338
304	867	-353	-2.28375	-2.4675	-0.97125
292	878	-350	-4.57625	-7.77875	-17.955
281	882	-343	-6.615	-13.9475	-35.84
231	892	-338	-9.02125	-20.0988	-50.295
185	904	-335	-12.5038	-28.5338	-69.475
139	886	-325	-16.6338	-38.0275	-95.8563
60	871	-307	-18.9963	-46.7425	-120.75
-40	841	-286	-20.1338	-55.3263	-143.631
-196	908	-258	-21.9713	-61.5388	-165.148
-285	923	-260	-27.3875	-58.5725	-158.76
-573	966	-251	-29.2163	-40.5125	-119.709
-626	906	-225	-22.3475	-20.4575	-59.8675
-608	931	-203	-9.6775	3.14125	1.63625
-515	879	-201	0.53375	22.2513	46.0425
-418	883	-209	8.7675	34.09	70.9013
-361	881	-221	13.9125	40.0925	83.6588
-282	909	-242	16.6863	41.02	88.69
-235	929	-257	17.4038	41.0025	94.1763
-127	926	-267	17.0013	39.7863	99.4613
-61	918	-284	16.485	39.48	103.39
1	921	-294	16.7038	36.05	101.71
80	917	-310	16.345	31.3688	96.005
152	914	-321	15.1288	26.2675	85.2775
202	912	-325	13.3788	22.0675	74.7775
240	894	-332	10.8413	16.7563	60.48
291	869	-340	7.72625	10.8763	45.2813
329	878	-348	4.935	6.72875	32.025
369	874	-349	1.93375	3.45625	17.8588
357	854	-343	0.46375	1.65375	7.455
337	854	-339	0.8925	-0.90125	0.0875
323	862	-341	1.26875	-4.20875	-6.50125
309	876	-349	-0.35	-8.645	-17.9113
300	874	-346	-2.70375	-14.9275	-36.0675
284	894	-348	-5.775	-21.9013	-55.475
261	887	-345	-10.6925	-30.1963	-79.485
175	884	-331	-15.3213	-37.975	-102.839
82	872	-320	-18.9875	-48.3525	-130.191
-30	852	-292	-21.6038	-57.4875	-157.421
-224	914	-282	-25.69	-59.815	-173.933
-364	940	-263	-27.9475	-52.255	-145.6
-643	979	-256	-27.09	-33.145	-91.0175
-557	949	-228	-17.7538	-15.855	-18.97
-502	909	-205	-6.23875	6.25625	36.7938
-368	903	-209	6.36125	22.1288	69.8688
-302	910	-228	14.9538	34.86	95.2963
-222	894	-239	20.0113	41.7813	114.039
-95	931	-262	24.3338	44.4063	127.496
-36	918	-276	24.22	46.4625	132.291
79	905	-297	23.275	39.2788	115.526
170	922	-318	20.93	32.9612	95.0863
163	903	-325	16.5113	27.4925	69.2475
236	899	-337	12.95	16.345	41.23
274	903	-343	9.065	8.70625	23.8088
284	902	-344	4.15625	3.325	13.93
279	891	-343	-0.02625	-1.435	6.4925
278	890	-341	-2.8525	-4.69875	-0.735
256	884	-335	-3.22875	-6.1775	-7.0525
250	894	-336	-2.555	-7.5775	-12.6
227	912	-339	-2.9225	-9.3975	-19.25
214	913	-337	-5.67875	-14.1313	-30.1175
201	898	-329	-9.45	-20.405	-43.8813
165	916	-329	-13.9738	-28.7875	-65.8088
176	894	-320	-19.705	-39.0075	-101.15
46	861	-282	-23.59	-44.9225	-132.344
-124	862	-253	-25.7863	-52.0975	-166.18
-267	935	-264	-28.385	-53.2088	-181.86
-391	981	-251	-29.5138	-36.435	-127.698
-723	926	-218	-25.0338	-12.705	-48.4488
-528	928	-192	-13.1075	-5.60875	0.90125
-466	892	-180	-3.84125	9.65125	35.4725
-386	908	-198	6.78125	20.685	59.2725
-323	910	-213	14.7438	31.2463	87.8588
-222	921	-231	21.3063	40.4688	120.479
-129	931	-245	25.1038	46.6638	143.815
-20	920	-258	25.8825	46.55	145.504
87	918	-280	24.2463	40.075	125.379
155	913	-301	20.3525	30.66	95.1038
221	920	-309	15.575	22.4788	68.9238
252	906	-311	10.0625	15.61	47.1013
290	902	-316	5.01375	8.05875	28.7613
321	886	-313	0.90125	2.0475	14.6563
298	875	-307	-1.49625	-2.065	4.9525
294	891	-310	-2.94875	-7.00875	-7.46375
276	897	-310	-4.50625	-11.515	-22.5575
249	905	-310	-5.83625	-16.6688	-38.2988
231	893	-308	-6.9825	-22.0063	-52.99
187	883	-304	-7.25375	-26.1013	-65.4413
124	899	-300	-7.48125	-30.4675	-80.8763
63	901	-293	-9.52	-36.7588	-103.863
-65	922	-277	-14.1138	-43.715	-135.004
-232	903	-260	-21.5163	-50.1638	-171.544
-233	922	-275	-24.92	-50.435	-180.311
-510	968	-255	-25.3663	-29.19	-124.399
-672	927	-237	-21.1225	-9.94	-47.5738
-637	923	-205	-11.9438	2.09125	14.1925
-469	886	-195	-4.1125	13.09	53.1125
-405	890	-195	5.24125	25.9263	83.6413
-321	895	-208	13.6675	34.37	107.205
-192	915	-214	19.3638	41.7375	130.113
-100	920	-229	22.295	46.8825	144.489
4	909	-248	23.6338	45.6225	141.024
123	907	-269	22.1113	38.255	117.6
154	904	-287	19.215	30.6338	89.8363
197	901	-304	16.345	19.0313	56.6738
254	905	-314	14.0438	8.9425	32.9788
255	900	-325	10.9988	3.36875	20.7113
264	904	-336	7.93625	-1.88125	9.10875
282	903	-339	4.54125	-5.31125	-0.77875
265	896	-342	1.21625	-5.55625	-6.83375
232	905	-343	-0.77875	-8.16375	-17.3338
237	907	-340	-3.0975	-13.8513	-34.3
204	899	-329	-6.11625	-18.7775	-50.7325
172	891	-326	-8.40875	-25.4363	-67.2875
106	883	-319	-9.275	-33.0312	-85.645
-36	891	-305	-10.5438	-41.9125	-110.303
-102	898	-295	-13.4488	-53.165	-137.699
-190	899	-278	-16.5375	-58.5463	-153.178
-392	1020	-306	-21.42	-50.6275	-137.086
-493	945	-273	-21.3063	-30.8963	-68.565
-559	944	-242	-15.2513	-10.6575	-9.765
-450	906	-225	-5.81875	4.45375	30.8613
-356	908	-222	3.98125	18.7863	58.17
-297	902	-230	10.3075	29.3825	77.5775
-223	904	-248	15.8113	36.155	93.3188
-121	942	-264	20.5188	42.7175	114.013
-53	924	-272	23.0738	48.7725	131.014
60	933	-296	24.7013	49.8225	137.323
84	915	-304	23.5463	46.3488	126.245
206	902	-319	19.3988	32.6813	93.765
273	901	-333	13.1163	22.2863	65.835
320	882	-340	6.2125	12.9675	41.7988
348	863	-333	2.1	4.4275	21.0263
338	854	-334	-0.16625	-2.66875	4.40125
334	868	-336	-0.9275	-8.505	-9.07375
309	874	-334	-1.86375	-11.5413	-18.3138
290	877	-338	-3.115	-15.05	-28.0088
299	879	-345	-3.68375	-19.32	-39.83
227	895	-343	-5.0575	-22.47	-50.6888
196	902	-344	-8.79375	-29.7063	-71.365
154	893	-333	-12.7838	-37.6513	-96.5125
29	891	-313	-16.2225	-47.2063	-128.713
-47	892	-298	-20.5538	-59.15	-172.384
-247	953	-301	-26.495	-51.9838	-166.303
-407	895	-259	-24.325	-36.9775	-109.445
-541	969	-264	-18.0513	-23.1963	-68.0488
-498	917	-246	-10.5088	-7.0875	-7.245
-426	911	-240	-1.26875	8.07625	33.4775
-353	931	-249	5.075	19.9063	58.24
-292	928	-255	8.12875	30.7388	84.9363
-206	918	-261	12.3813	40.7138	113.006
-144	913	-264	18.0163	46.515	131.749
5	921	-279	19.4513	43.54	128.896
67	914	-294	18.0513	39.4188	114.546
140	909	-308	15.3125	30.0563	89.0313
228	908	-317	11.9175	20.8775	63.8838
245	900	-318	9.3625	16.6863	53.2263
246	896	-320	7.27125	10.9638	41.8775
299	885	-324	4.94375	3.38625	28.0263
315	876	-325	3.36	-0.9975	18.8125
328	874	-330	2.66	-3.99875	9.40625
342	876	-336	2.17	-5.62625	0.83125
322	877	-340	1.19875	-6.2125	-7.35
309	875	-342	-0.07875	-8.015	-18.0163
279	875	-343	-2.0475	-11.0075	-31.3075
244	893	-335	-4.52375	-17.7188	-51.2138
211	931	-341	-10.5963	-27.5625	-80.0188
171	903	-331	-18.6288	-37.8963	-112.508
-9	894	-297	-23.9138	-46.5675	-134.26
-141	910	-284	-27.0025	-58.9488	-148.173
-188	908	-265	-29.0238	-68.18	-149.538
-331	966	-232	-32.4538	-63.6738	-138.101
-417	906	-221	-30.9663	-46.1125	-101.08
-549	956	-178	-18.7163	-18.235	-37.8788
-539	899	-161	-7.63	4.83	11.0688
-435	937	-166	3.54375	23.1525	46.6463
-402	893	-185	11.55	39.9963	80.0538
-256	920	-215	20.6238	48.4138	106.19
-193	923	-233	26.3113	56.1488	132.125
-79	924	-254	28.2975	55.5538	140.359
13	922	-277	27.4838	50.5663	131.644
108	914	-294	23.4588	41.335	108.22
166	909	-308	18.865	31.4038	79.0213
200	913	-318	14.91	22.0938	55.8425
246	914	-326	10.7888	13.3088	39.4888
251	905	-330	6.92125	6.37	28.1838
270	896	-332	4.01625	-0.07	17.5175
293	881	-334	1.925	-3.9025	8.645
292	884	-334	1.09375	-5.13625	2.835
275	891	-337	0.44625	-6.5625	-4.935
267	897	-340	-0.53375	-9.61625	-16.7738
241	897	-336	-1.8725	-14.1575	-31.5613
229	898	-331	-4.17375	-20.7375	-50.7325
178	905	-326	-7.735	-27.7375	-73.5788
146	903	-317	-11.27	-36.5663	-100.083
62	860	-305	-14.1663	-43.7675	-124.845
-96	852	-288	-14.1313	-51.1525	-149.756
-202	952	-291	-14.6475	-56.1225	-165.533
-353	955	-297	-19.7838	-44.0825	-130.812
-555	982	-286	-19.1013	-25.7513	-70.9188
-568	955	-254	-13.51	-10.885	-10.1063
-466	917	-230	-6.60625	2.17	29.6888
-345	896	-237	1.84625	14.945	54.5475
-304	915	-251	9.73875	28.1838	84.4725
-200	920	-267	15.5925	39.27	119.455
-111	910	-272	20.335	48.5538	148.146
-12	913	-280	22.2075	49.7	151.804
92	908	-296	21.7525	43.5663	133.805
176	888	-312	19.0838	35.28	106.129
239	888	-325	16.6338	25.7688	78.1113
284	895	-334	13.0725	16.17	53.095
309	880	-338	8.19	7.4725	30.6863
346	859	-340	4.75125	0.21875	13.6588
343	854	-343	2.87875	-3.52625	2.35375
334	861	-350	1.51375	-6.25625	-7.86625
324	879	-353	0.07875	-7.875	-16.4413
290	895	-356	-1.95125	-9.2575	-25.3313
248	915	-346	-4.69	-11.9525	-38.2113
249	925	-340	-8.4175	-13.6413	-47.3113
149	914	-330	-12.145	-13.3088	-50.4963
124	918	-318	-13.9563	-21.6563	-66.2812
85	901	-302	-15.8638	-31.1763	-86.03
41	903	-303	-18.0075	-42.6825	-109.883
-24	894	-296	-19.425	-50.9075	-131.285
-102	886	-270	-20.265	-52.0188	-141.024
-269	907	-252	-20.3525	-47.0313	-143.465
-360	921	-254	-19.495	-35.455	-121.013
-546	917	-236	-15.3563	-15.785	-73.6663
-604	949	-232	-9.42375	-1.715	-26.3375
-561	938	-221	-5.11	11.6025	25.1825
-464	912	-221	-0.3325	23.6863	68.355
-378	892	-222	6.50125	35.3588	104.3
-262	910	-233	13.7638	42.9538	128.503
-159	915	-245	17.3688	46.9525	140.84
-63	916	-258	18.7338	46.27	140.796
26	915	-265	18.9263	40.8363	127.181
146	902	-282	16.4062	31.9638	101.133
197	899	-303	14.5425	25.4713	77.8488
237	905	-311	13.825	20.3088	61.9238
264	900	-314	11.4713	15.3038	45.7013
299	883	-320	8.49625	9.8175	31.045
316	885	-325	6.615	5.8975	21.2975
318	882	-325	4.40125	2.8525	12.4688
327	878	-325	2.485	-0.39375	3.6925
318	881	-328	0.8225	-3.43875	-5.4075
292	882	-325	-1.19	-8.19875	-20.0988
296	884	-323	-3.59625	-15.5225	-40.0838
256	883	-320	-6.79	-21.8838	-60.5238
210	887	-317	-10.8588	-30.7038	-84.3675
161	880	-301	-14.385	-39.6638	-105.236
42	867	-284	-16.3538	-49.3938	-123.9
-117	904	-273	-16.8	-59.7975	-145.058
-219	928	-274	-18.2438	-64.82	-156.433
-322	969	-272	-17.045	-55.4138	-128.826
-536	963	-262	-13.405	-33.4688	-79.8613
-494	973	-252	-6.8425	-14.91	-29.4613
-507	943	-245	-2.58125	4.4275	17.395
-384	955	-255	2.66875	18.5325	55.615
-316	939	-244	6.90375	36.1638	101.938
-228	918	-248	11.4538	48.58	136.885
-89	899	-249	17.6838	55.1513	157.071
-11	916	-255	22.505	56.5075	155.785
96	906	-269	20.8425	45.745	122.036
237	887	-293	16.6425	32.8388	85.5663
255	883	-301	13.9038	26.8713	63.9188
284	884	-311	11.865	19.355	46.0075
319	892	-315	8.89875	12.6963	30.8788
312	875	-316	5.355	7.76125	18.2175
321	868	-316	3.63125	1.32125	5.74875
330	873	-319	2.7475	-3.82375	-1.96
312	888	-328	1.3825	-7.56875	-8.51375
293	893	-331	-0.63875	-12.95	-21.8838
277	894	-327	-3.7275	-19.2413	-40.4513
266	891	-330	-7.20125	-24.6313	-59.5963
201	898	-325	-10.6663	-28.6913	-80.4038
138	914	-311	-14.8225	-36.0325	-106.645
58	879	-300	-20.4488	-44.6688	-135.144
-150	899	-270	-23.9663	-51.9838	-161.595
-202	920	-279	-26.4338	-58.6163	-177.345
-324	1024	-277	-28.665	-42.3763	-131.04
-556	941	-242	-28	-15.5925	-56.9363
-505	944	-205	-19.95	1.28625	-9.7125
-464	904	-180	-7.76125	20.8688	35.105
-380	903	-185	5.4075	33.4688	69.4313
-315	905	-204	16.8788	41.4575	98.5075
-204	917	-226	25.9875	44.4763	124.863
-93	949	-250	29.8638	45.22	142.161
-24	905	-270	29.8288	42.0875	144.148
142	906	-296	29.2688	32.06	128.328
189	897	-318	25.165	24.5	105.543
263	894	-343	18.6025	13.5975	73.9988
331	878	-355	11.515	5.285	46.6725
348	875	-353	6.0375	1.155	30.485
341	869	-354	1.085	-2.26625	14.9363
356	861	-353	-2.23125	-5.5125	-0.735
341	865	-348	-4.22625	-5.6175	-9.33625
300	883	-347	-6.13375	-6.50125	-18.1125
271	896	-344	-8.98625	-11.7863	-34.8425
269	897	-334	-12.74	-18.2963	-51.3713
204	896	-322	-17.3863	-24.5613	-66.6838
161	889	-316	-22.1725	-35.8575	-94.4738
120	885	-301	-25.2875	-46.7863	-123.734
-11	891	-277	-28.6738	-53.2525	-146.029
-124	883	-237	-31.325	-56.9363	-164.824
-306	961	-238	-33.9413	-52.5438	-169.356
-459	959	-209	-32.8388	-35.7525	-115.124
-698	956	-174	-24.43	-13.195	-44.5288
-538	923	-152	-11.235	0.35	13.0988
-455	939	-152	1.70625	19.6438	61.5388
-381	918	-172	13.4138	35.7525	107.048
-203	916	-194	23.0738	46.6375	143.71
-109	905	-206	32.3225	59.4738	181.423
-55	904	-221	37.1613	57.8025	173.031
185	908	-259	33.285	39.935	126.324
218	889	-286	25.445	30.8788	91.6475
251	877	-304	19.775	18.7863	60.41
304	892	-319	15.1025	7.2625	32.48
314	899	-330	9.80875	1.21625	12.775
307	899	-334	5.0925	-1.75875	0.105
286	899	-333	1.30375	-3.4125	-7.4375
268	906	-329	-1.4875	-5.24125	-14.21
235	911	-325	-4.45375	-7.735	-23.975
228	911	-317	-6.48375	-14.0088	-40.8888
204	899	-308	-8.89875	-20.1338	-58.5025
137	903	-293	-11.4275	-27.7375	-79.2838
58	888	-285	-14.5513	-39.3488	-110.093
-28	877	-263	-15.5925	-52.2725	-142.529
-139	913	-246	-17.3338	-61.1013	-168.971
-219	910	-269	-19.215	-57.5138	-167.361
-431	952	-255	-16.5375	-37.625	-120.181
-655	950	-250	-9.59	-15.7938	-52.9463
-584	986	-250	-1.63625	-0.06125	8.14625
-495	940	-239	3.395	18.4888	59.465
-343	911	-237	10.1325	33.7138	100.03
-244	918	-253	17.2638	46.4888	133.718
-111	909	-256	19.88	53.83	155.155
6	890	-264	20.4225	54.8363	157.395
108	895	-279	19.1888	48.265	141.33
145	893	-289	14	35.35	105.131
267	882	-308	8.505	18.865	63.3763
301	872	-318	5.7925	9.80875	34.4313
282	886	-316	4.9875	3.8325	13.93
274	890	-317	3.5875	-1.33875	-1.4525
264	894	-317	2.37125	-5.11	-9.63375
250	909	-322	0.35875	-8.53125	-18.585
233	911	-322	-2.24875	-12.4075	-31.9725
209	913	-315	-4.20875	-17.08	-47.3463
156	898	-306	-6.11625	-23.1613	-65.0388
89	896	-300	-7.07875	-33.5213	-90.23
-2	908	-298	-8.28625	-45.5525	-120.741
-61	912	-291	-12.3375	-54.3375	-146.834
-125	871	-278	-17.4563	-56.6388	-159.696
-293	893	-260	-20.5013	-53.3575	-159.976
-511	945	-269	-21.4463	-41.3175	-124.381
-656	940	-252	-16.9575	-25.8038	-54.3288
-685	973	-236	-13.4488	-9.8	1.56625
-587	903	-215	-10.3688	8.4175	51.0038
-428	870	-200	-1.365	26.9063	85.435
-288	882	-211	8.88125	44.1175	111.081
-235	861	-215	18.2175	58.2663	139.991
-67	893	-236	25.2088	59.7363	146.318
41	902	-260	26.8013	59.36	145.058
89	898	-277	24.325	52.4563	127.426
174	903	-299	20.5713	37.9488	99.6888
191	914	-319	15.3475	24.2638	72.5288
224	919	-329	9.8175	9.9225	42.63
267	911	-333	4.7425	-0.67375	18.7425
271	893	-331	1.1725	-6.405	4.13
281	885	-329	-0.34125	-9.625	-3.5875
257	890	-328	-1.61	-10.9025	-9.6775
236	906	-327	-3.07125	-14.9713	-22.8375
212	909	-321	-5.67875	-21.2013	-39.4188
189	912	-315	-8.67125	-29.6275	-60.7075
186	911	-315	-11.3925	-37.8175	-83.3088
88	906	-303	-14.6388	-42.1488	-100.643
-27	900	-284	-17.955	-47.425	-118.878
-110	876	-267	-20.8338	-53.4188	-136.92
-273	907	-257	-22.54	-56.5425	-153.064
-388	934	-259	-24.2725	-52.4913	-150.43
-448	937	-243	-21.1488	-35.2188	-101.054
-667	935	-224	-14.21	-8.82	-33.6875
-562	915	-201	-5.425	7.735	21.2013
-479	918	-205	0.60375	25.2175	58.0388
-408	898	-218	7.74375	40.9413	94.5963
-280	910	-229	14.84	51.3713	124.023
-165	913	-241	19.775	59.4738	148.733
-45	894	-257	23.135	61.2063	156.223
50	910	-271	24.9813	58.5813	150.596
113	900	-280	23.1088	48.4313	123.848
221	899	-299	18.3575	32.725	87.8238
264	898	-313	13.09	20.3088	58.1
307	887	-324	8.19875	9.135	34.4225
315	881	-325	4.96125	1.365	17.1938
313	876	-326	2.2925	-3.78	4.865
307	877	-327	0.4025	-7.5075	-5.34625
306	886	-329	-1.2425	-10.2988	-15.0325
272	894	-327	-2.6775	-12.7138	-25.6813
243	902	-323	-4.48	-17.3513	-39.97
200	905	-317	-7.51625	-24.605	-60.1913
188	909	-309	-11.7338	-33.6963	-85.5225
115	884	-298	-16.2488	-40.7488	-110.163
-25	859	-277	-17.15	-48.5625	-134.05
-110	841	-262	-14.6038	-57.89	-154.998
-257	972	-273	-14.0175	-59.4125	-164.386
-388	921	-275	-18.0075	-47.7488	-132.16
-504	939	-253	-14.3063	-31.1238	-75.1363
-706	929	-233	-6.85125	-14.8313	-19.6963
-513	923	-238	2.49375	-8.26	18.2788
-447	951	-245	7.98875	10.0625	56.8225
-385	913	-259	13.8425	31.15	103.985
-201	927	-279	21.0875	46.8475	143.264
-126	931	-285	24.1763	62.65	180.338
-91	877	-269	24.6225	61.0138	168.07
173	894	-292	21.8925	44.5463	119.219
142	866	-303	16.5988	37.9838	82.705
194	886	-310	13.6675	22.61	46.5588
288	891	-325	10.1238	10.9725	21.35
277	895	-337	6.86875	7.30625	13.7025
264	899	-343	4.17375	3.2725	7.18375
258	894	-341	1.37375	-1.0675	-1.9075
240	893	-337	-1.04125	-5.1275	-10.5438
195	902	-337	-3.115	-11.2963	-24.9725
188	915	-334	-6.1075	-22.26	-51.3625
157	903	-325	-9.91375	-31.1938	-73.9463
83	919	-310	-12.0488	-38.6138	-88.41
48	922	-312	-14.84	-47.3113	-102.419
2	880	-302	-17.4213	-54.2588	-113.619
-128	891	-274	-18.2088	-59.1325	-128.634
-214	925	-292	-22.1375	-58.0825	-141.426
-314	943	-271	-25.0775	-41.0375	-109.979
-601	897	-239	-24.1588	-16.765	-63.2275
-520	927	-223	-16.8613	-5.3375	-29.6363
-548	910	-214	-11.7425	11.4538	3.22875
-442	914	-220	-2.68625	25.6725	42.56
-373	960	-230	7.875	44.415	97.3263
-374	926	-231	15.47	60.865	156.651
-193	916	-233	21.77	60.27	175.578
-36	922	-250	24.9113	56.7788	170.993
13	901	-275	23.6688	44.7038	133.56
154	910	-301	16.135	25.6025	76.8338
238	882	-302	7.25375	14.1663	37.2575
289	884	-308	3.07125	7.28875	21.9013
282	897	-312	0.2975	2.345	14.1925
247	906	-304	-1.7675	-3.5175	1.925
244	904	-303	-3.605	-8.35625	-11.1475
210	911	-299	-3.605	-10.1413	-19.4163
168	929	-302	-3.92	-12.7925	-30.905
169	923	-298	-5.24125	-19.1975	-52.535
142	911	-290	-7.455	-24.5525	-73.0275
60	891	-278	-9.555	-32.0075	-98.735
-11	886	-270	-10.4738	-42.0788	-129.518
-104	910	-269	-12.705	-46.55	-145.224
-198	861	-247	-14.8488	-45.9288	-143.78
-435	1001	-259	-18.2963	-38.5	-132.816
-583	952	-247	-21.105	-23.8175	-77.3063
-630	955	-218	-14.9538	-7.41125	-12.5213
-505	921	-206	-7.63	7.3675	33.2588
-403	926	-205	2.1525	24.9113	76.2738
-312	913	-216	10.01	39.2088	112.604
-208	914	-221	17.0975	50.05	147.263
-97	908	-224	22.2775	54.5388	165.183
39	903	-241	23.9488	49.8838	155.584
140	883	-264	22.9163	40.005	129.001
202	887	-285	20.7463	28.035	96.4688
264	897	-302	17.2725	15.9075	60.9963
332	894	-320	12.6	8.19875	31.3775
330	888	-326	9.03875	6.37	11.8475
277	892	-323	6.44875	3.3775	-0.28875
261	897	-325	3.56125	-3.03625	-9.66
235	900	-327	0.4375	-9.80875	-19.8013
236	907	-329	-2.52875	-18.4013	-33.9588
215	926	-332	-6.29125	-26.5825	-47.8888
183	926	-336	-12.6175	-35.6562	-58.66
124	903	-322	-19.1188	-46.83	-71.19
86	913	-301	-24.4213	-57.995	-92.925
-7	929	-283	-29.645	-59.4563	-128.275
-50	867	-265	-32.1562	-53.235	-158.463
-213	913	-236	-28.7438	-38.0363	-158.27
-421	896	-212	-20.2913	-17.1413	-117.416
-561	966	-222	-8.75	0.2975	-63.8838
-599	970	-213	0.11375	13.7725	0.91875
-470	944	-219	3.50875	19.6088	44.8963
-389	915	-225	5.71375	25.9525	76.4313
-309	932	-233	8.96	30.9575	100.853
-194	920	-234	11.9525	36.7063	121.66
-110	927	-242	16.9925	42.2013	137.673
1	932	-257	20.3613	43.0675	139.746
83	931	-269	19.355	39.9875	126.061
179	914	-282	14.9188	31.4825	99.9163
230	896	-290	9.94	22.1813	76.8863
288	891	-293	6.02	13.8863	58.3275
324	875	-294	2.5375	7.7525	37.695
373	854	-292	2.065	1.9775	18.7863
341	856	-293	2.82625	-1.0675	7.14
326	869	-301	2.66	-5.9675	-6.44
342	879	-313	1.05	-11.4275	-23.205
342	882	-319	-1.16375	-15.2425	-39.7338
301	871	-316	-3.1325	-17.0713	-52.9638
256	878	-309	-4.20875	-19.3988	-63.4725
183	879	-307	-6.20375	-22.785	-74.48
100	885	-307	-8.2425	-30.5638	-90.965
-20	912	-304	-11.5063	-41.5713	-113.076
-231	1065	-288	-21.84	-51.8175	-139.799
-213	976	-254	-36.4175	-58.1613	-155.785
-270	922	-225	-38.7625	-47.3025	-142.485
-441	924	-187	-22.33	-19.215	-67.655
-512	922	-174	-3.80625	1.4	-0.14
-416	937	-188	7.46375	10.605	29.19
-344	939	-212	14.0175	20.72	56.8138
-280	932	-234	19.5825	31.57	88.5588
-222	924	-247	24.255	39.76	113.103
-108	937	-258	26.2063	42.2013	119.963
-34	923	-281	28.175	44.5113	124.443
80	919	-300	29.1113	40.9238	118.449
179	914	-313	25.4713	35.7088	102.454
225	900	-325	19.5825	30.1438	80.5613
292	900	-339	13.7025	23.2488	57.5225
312	879	-339	8.28625	18.4888	40.9325
296	872	-338	4.5325	12.425	27.51
311	856	-342	1.5925	3.29875	10.6575
331	859	-342	0.18375	-5.13625	-4.6725
333	869	-348	-1.33875	-11.4013	-19.0488
316	879	-346	-2.695	-15.7063	-31.6488
259	889	-344	-5.04875	-19.11	-44.1
211	908	-343	-9.065	-26.775	-65.6688
179	894	-338	-14.3763	-36.155	-90.8775
100	889	-329	-18.0163	-44.9925	-115.378
-9	891	-312	-20.125	-53.13	-141.444
-107	936	-297	-23.3975	-55.58	-160.729
-157	980	-326	-29.365	-41.3875	-151.183
-391	911	-275	-30.3713	-9.75625	-95.5063
-528	927	-236	-21.4988	8.25125	-45.5525
-494	924	-220	-10.3775	14.9275	-1.8725
-441	922	-229	0.27125	18.1388	36.2338
-356	945	-241	8.295	22.155	73.4475
-247	940	-253	13.09	28.665	112.236
-126	940	-257	16.8	36.2163	142.931
-25	929	-275	18.0863	40.18	145.294
132	944	-293	14.1313	39.9875	116.559
189	893	-294	9.09125	43.2688	89.6875
187	888	-286	9.345	42.0263	80.8588
202	894	-286	9.07375	32.1562	69.4925
256	900	-289	6.95625	18.445	53.3225
294	895	-293	3.5525	6.545	37.1175
318	883	-299	1.14625	-3.14125	21.455
337	878	-301	0.27125	-10.5788	6.5625
346	874	-304	-0.7	-14.8138	-5.67875
328	873	-307	-2.1175	-17.2375	-16.1613
306	882	-309	-3.395	-21.1313	-30.0213
275	888	-308	-4.90875	-26.53	-47.6175
233	891	-308	-6.965	-33.6963	-64.0238
168	901	-312	-9.3975	-42.9713	-80.5263
108	906	-309	-12.3988	-54.1888	-100.494
20	927	-300	-17.8413	-63.525	-123.839
-95	975	-291	-26.0225	-67.7425	-151.113
-74	978	-305	-34.0113	-56.805	-155.969
-323	924	-262	-31.4475	-13.6325	-109.428
-470	955	-240	-18.375	21.0175	-53.1213
-483	981	-225	-7.14875	38.2813	3.8675
-441	957	-223	-2.21375	40.6613	45.1063
-343	935	-220	2.24	39.0688	78.6713
-258	921	-218	8.25125	37.9925	106.908
-138	929	-224	13.8338	35.3238	124.451
-51	930	-239	15.5663	30.4413	125.405
61	923	-256	15.2688	23.9225	118.003
154	905	-266	14.1138	19.1713	108.771
201	897	-275	12.6438	14.84	93.7475
278	881	-290	10.78	8.46125	73.5175
312	885	-302	9.59	5.36375	56.2713
352	875	-308	7.5775	2.17875	33.5563
370	863	-310	5.635	0.30625	12.7575
342	873	-312	4.13875	-1.3825	-3.64875
339	885	-316	1.89	-6.4225	-21.2625
325	873	-315	-0.70875	-11.5238	-34.685
301	869	-313	-1.6975	-14.8138	-39.2613
215	875	-308	-2.03	-17.1675	-41.02
190	908	-318	-3.15	-24.4213	-52.605
114	944	-321	-6.965	-33.6175	-77.4463
85	917	-318	-13.16	-46.7775	-117.548
-49	924	-302	-17.7363	-54.2588	-150.745
-139	940	-288	-20.615	-56.595	-164.36
-209	962	-301	-22.995	-48.2125	-148.374
-385	988	-287	-21.525	-24.85	-84.0438
-497	966	-257	-15.7238	-2.82625	-10.2375
-396	933	-239	-6.43125	11.375	35.385
-282	940	-236	2.56375	25.9175	68.8713
-233	912	-245	10.1588	38.8238	98.6125
-146	938	-251	17.8325	46.6025	118.335
-45	947	-265	20.9475	52.22	133.07
18	922	-269	21.4988	52.1938	131.793
137	920	-275	20.4838	42.525	108.203
220	879	-290	16.5638	32.4538	80.0013
262	876	-303	15.0763	23.8875	61.88
262	892	-313	12.985	14.98	43.6625
308	892	-327	9.42375	5.005	23.3275
304	885	-332	6.44	-1.05875	10.92
309	884	-341	4.13875	-6.1075	0.6475
351	876	-351	2.1	-9.02125	-7.90125
309	887	-348	0.13125	-6.55375	-12.9413
235	908	-341	-3.36875	-7.95375	-26.0838
219	901	-331	-7.49875	-16.3712	-47.4863
181	892	-324	-11.235	-26.1275	-68.005
119	902	-315	-14.4463	-38.3513	-92.6975
106	907	-314	-17.5613	-51.5025	-122.036
-16	886	-297	-20.6413	-58.31	-144.393
-108	896	-280	-22.05	-61.915	-158.996
-205	965	-294	-23.4938	-55.16	-151.918
-427	952	-261	-26.0838	-33.7488	-106.881
-525	946	-243	-21.9888	-13.1075	-54.2413
-549	938	-213	-11.5938	6.1775	2.45
-431	926	-210	-2.7475	19.285	37.2488
-386	922	-217	6.16	33.8188	74.6025
-290	931	-239	14.945	44.9225	114.476
-181	934	-245	21.4288	54.7925	148.925
-72	914	-258	24.2638	57.0325	158.708
57	923	-274	23.555	50.5225	144.043
94	875	-281	18.3488	39.2175	110.486
101	866	-287	16.0475	19.705	67.7513
304	901	-311	14.1138	0.34125	38.8675
296	897	-329	9.0125	-1.74125	32.5675
297	909	-344	4.82125	-5.775	20.6938
317	901	-341	0.6825	-9.38875	2.975
282	876	-332	-2.695	-9.6775	-10.22
206	877	-327	-3.7275	-12.8975	-24.4738
164	907	-317	-3.78	-24.8063	-49.8838
175	908	-314	-5.74	-37.7038	-74.6025
104	909	-325	-8.95125	-47.495	-97.9213
85	904	-329	-11.3838	-56.9275	-127.103
-13	902	-321	-15.2775	-56.5513	-141.155
-96	899	-308	-19.5563	-50.6363	-138.819
-302	954	-296	-24.99	-38.3075	-128.048
-448	910	-273	-26.6788	-22.0588	-93.8963
-541	924	-249	-18.4713	-2.73	-41.93
-550	929	-240	-5.03125	15.5925	10.2463
-441	950	-254	7	31.2025	61.7313
-336	960	-273	14.385	47.3375	111.571
-259	939	-281	19.0925	60.3488	153.86
-103	917	-283	21	63.4113	171.045
22	905	-286	20.0988	59.29	161.123
141	870	-297	17.4738	48.0113	132.921
221	871	-317	13.895	34.5013	98.2975
316	861	-333	8.155	20.3438	58.9925
366	858	-335	3.2725	11.4013	29.995
335	858	-329	0.3675	6.08125	12.18
313	868	-328	-0.32375	0.06125	-1.1025
293	878	-328	-0.21875	-5.145	-8.68875
289	892	-330	-0.46375	-7.98875	-9.8175
287	900	-335	-1.58375	-9.14375	-11.6375
279	893	-336	-2.07375	-10.0188	-15.82
276	892	-333	-1.8375	-11.1738	-20.2563
227	890	-323	-2.66	-13.8688	-29.4175
195	884	-314	-4.725	-23.8875	-54.1538
180	876	-313	-6.78125	-36.155	-85.225
129	884	-310	-9.065	-46.445	-114.31
48	844	-304	-11.1125	-54.6613	-140.586
-151	937	-308	-12.3813	-58.3713	-159.163
-279	976	-311	-20.195	-53.2788	-147.026
-474	1009	-318	-24.675	-36.8638	-106.339
-552	1000	-286	-21.7613	-16.1875	-33.8013
-493	952	-256	-13.9825	5.005	29.5575
-355	932	-249	-1.89	24.8763	77.8138
-241	927	-249	8.16375	42.8838	117.53
-172	882	-245	15.6538	54.9675	146.65
-2	886	-254	22.3563	54.6788	152.294
113	893	-271	24.4125	51.8788	145.11
157	883	-281	22.855	44.5813	123.576
257	876	-305	19.9238	30.7388	93.5025
312	870	-323	16.2575	19.4338	68.3375
334	879	-333	11.9613	9.52	45.2463
365	867	-340	7.04375	0.25375	21.945
397	849	-344	3.115	-5.62625	5.06625
370	853	-345	0.21	-8.12	-6.685
352	863	-345	-2.91375	-12.6	-22.5663
339	877	-342	-6.32625	-17.57	-39.7075
275	879	-336	-10.0888	-22.05	-55.1775
178	891	-325	-13.6063	-31.9025	-77.1838
172	925	-323	-18.935	-47.9763	-111.169
55	885	-304	-25.7513	-59.395	-140.14
-57	921	-266	-31.2375	-71.7325	-164.028
-175	959	-266	-38.4213	-74.6638	-174.563
-319	903	-235	-35.8925	-57.5838	-129.351
-532	967	-212	-22.3563	-31.8938	-68.6175
-485	967	-193	-8.365	-9.17	-8.365
-427	924	-189	3.2025	12.145	31.9638
-325	920	-211	14.4288	26.635	59.4563
-260	918	-239	24.8413	41.4138	97.8775
-177	914	-255	33.3725	52.8938	132.921
-28	949	-283	37.2838	58.765	150.133
48	939	-303	36.0325	62.3788	151.568
120	912	-314	31.9638	55.79	130.401
210	902	-329	24.3688	40.425	93.7738
289	880	-343	15.05	24.605	60.4538
320	865	-345	7.7525	12.3725	37.1263
339	860	-347	3.045	2.555	19.075
347	852	-345	0.0875	-4.15625	4.22625
341	854	-344	-1.505	-7.4725	-5.215
317	870	-349	-3.045	-9.56375	-14.7088
293	895	-350	-5.1625	-13.44	-29.2863
259	898	-344	-8.84625	-18.6025	-44.3363
206	906	-338	-12.9413	-26.4863	-59.78
161	920	-334	-18.0075	-38.115	-79.94
90	911	-320	-24.6838	-51.7825	-108.666
23	921	-299	-30.6863	-64.5138	-139.755
-65	891	-276	-35.665	-68.53	-158.725
-165	881	-252	-35.2013	-63.4638	-160.563
-354	921	-232	-29.3388	-43.9425	-122.5
-544	941	-213	-18.41	-20.4575	-63.4288
-556	978	-212	-8.32125	-1.19	-12.2413
-465	953	-199	-0.44625	18.9788	38.0188
-372	921	-206	7.81375	37.065	77.3675
-296	927	-230	18.3925	51.9313	114.949
-182	932	-237	24.6225	61.3113	143.369
-47	911	-246	26.3725	63.1838	148.671
43	908	-265	27.72	59.5	141.269
107	895	-277	26.0663	46.76	111.519
231	892	-306	21.0438	30.0563	74.8738
266	894	-325	15.3125	19.4775	49.6388
275	904	-332	9.975	11.305	31.0888
274	902	-333	5.145	4.7775	17.2113
271	895	-331	1.82	-0.455	8.2075
273	896	-328	0.00875	-4.47125	1.63625
281	892	-331	-1.14625	-7.60375	-5.5825
274	895	-332	-2.03	-9.73875	-13.9038
235	904	-330	-3.6925	-12.67	-25.7775
235	901	-326	-6.88625	-19.1713	-43.5488
191	899	-318	-11.0338	-26.0313	-63.84
153	899	-317	-15.2425	-36.1288	-92.6275
110	896	-305	-19.04	-46.6988	-122.491
-7	876	-278	-23.3275	-54.95	-148.181
-234	934	-266	-28.2888	-59.4913	-169.61
-294	926	-259	-31.2288	-57.7413	-161.586
-491	997	-236	-29.9513	-37.6075	-106.969
-606	945	-205	-22.4088	-12.4775	-30.3188
-543	949	-187	-9.40625	9.86125	29.9688
-439	895	-181	5.04875	31.0625	81.1475
-281	903	-206	18.165	44.0913	114.013
-198	914	-220	25.9175	53.725	136.588
-60	906	-238	28.0963	55.2475	141.514
76	919	-264	28.3588	55.8163	144.104
99	898	-275	26.5475	52.7275	131.381
205	894	-288	23.275	39.3663	101.089
242	880	-300	19.0925	27.3613	72.695
266	876	-316	16.4062	14.4638	46.2175
306	896	-332	14.28	2.26625	21.0088
317	900	-343	9.7125	-5.3375	2.31
298	887	-350	4.9175	-9.52875	-7.69125
287	893	-353	1.82875	-11.83	-11.0425
252	900	-354	-1.19875	-12.18	-14.665
217	909	-352	-3.99875	-16.1525	-28.5863
227	910	-344	-7.02625	-24.2113	-51.1525
158	896	-338	-11.4275	-31.8938	-76.8688
146	902	-334	-15.3913	-44.905	-111.991
147	864	-325	-19.1975	-52.8938	-134.208
-35	865	-298	-20.6325	-53.9525	-140.394
-216	936	-291	-24.4913	-55.0113	-148.041
-334	957	-284	-27.4575	-46.375	-124.329
-578	993	-266	-25.2	-28.385	-69.1775
-511	955	-238	-19.3638	-14.8225	-17.2988
-463	912	-210	-10.0888	2.93125	22.7675
-349	910	-215	1.4875	18.165	54.4688
-264	909	-233	10.325	34.1688	91.3675
-196	925	-246	18.13	48.4925	127.566
-113	939	-255	22.925	57.2163	148.138
-12	934	-267	23.5638	55.8425	142.826
70	914	-277	21.105	46.6288	118.064
135	902	-288	17.5263	32.4013	87.115
194	902	-301	12.3025	15.9425	58.8438
273	896	-318	7.07875	1.785	37.9663
301	889	-325	3.535	-4.8475	25.6375
301	883	-327	1.33875	-7.14875	13.9475
306	886	-328	0.21	-7.13125	4.08625
286	895	-327	-1.2425	-5.94125	-5.6525
273	909	-326	-3.185	-6.93875	-19.145
249	912	-318	-5.8275	-9.66875	-33.0663
212	908	-312	-9.21375	-14.3238	-48.6763
190	901	-301	-12.285	-22.085	-69.5363
149	904	-297	-16.1263	-29.785	-91.6475
47	893	-281	-19.81	-37.8088	-116.095
-17	881	-257	-22.2163	-47.2588	-139.151
-190	890	-225	-25.4013	-53.8913	-153.335
-328	940	-235	-26.6963	-59.5963	-152.705
-437	990	-215	-24.7538	-48.3875	-100.783
-603	947	-185	-17.535	-23.31	-36.505
-473	955	-169	-7.0175	-3.19375	4.165
-429	926	-167	2.0125	20.65	38.5525
-354	906	-190	14.14	41.195	82.4513
-288	911	-209	25.3488	56.3238	122.001
-147	943	-236	31.4213	63.6213	145.924
-78	940	-254	34.0813	67.8825	160.396
32	940	-271	32.8388	60.3575	148.54
89	923	-285	26.7225	45.4738	117.67
178	914	-305	18.025	23.625	70.9625
265	896	-318	9.7825	6.74625	34.3
260	896	-324	4.6725	-2.17875	14.385
240	902	-328	1.26	-10.1588	-3.955
274	901	-329	-1.19	-13.93	-13.755
193	895	-327	-2.10875	-11.445	-13.1425
199	907	-339	0.34125	-11.9613	-13.055
170	927	-348	2.9925	-8.46125	-5.03125
139	944	-354	4.2	-7.21	-4.6725
175	923	-360	1.9425	-9.24875	-18.06
159	901	-353	-1.19	-13.37	-39.8125
239	932	-366	-7.14	-21.4988	-68.6788
215	883	-369	-16.205	-25.025	-90.4925
145	898	-347	-22.6013	-31.36	-108.334
53	866	-311	-29.3388	-39.1913	-131.11
-207	897	-260	-32.9788	-41.2475	-144.778
-352	944	-253	-30.4588	-37.3013	-117.994
-510	959	-210	-23.5988	-23.5988	-56.0525
-510	956	-196	-16.205	-11.9438	-13.93
-393	918	-180	-7.35	0.62125	20.2738
-335	914	-181	2.84375	13.5713	45.0363
-264	918	-205	12.7838	23.9838	76.8863
-169	954	-217	20.9825	35.1488	121.616
-135	947	-227	24.6575	43.47	154.901
-1	959	-247	24.0975	39.76	154.726
101	926	-264	20.1425	31.9113	133.464
197	923	-281	15.4088	21.595	101.028
259	907	-294	8.91625	12.4075	61.0575
317	886	-296	3.99875	5.3375	25.8475
318	884	-293	1.9425	3.1675	8.015
270	890	-290	1.53125	1.995	0.105
265	902	-289	1.82875	-1.3475	-7.56875
257	912	-293	2.47625	-2.23125	-8.1375
231	922	-303	3.03625	-2.54625	-6.65875
230	920	-310	1.95125	-5.34625	-15.47
231	914	-312	-0.37625	-9.9575	-33.3725
227	917	-317	-4.3225	-15.2338	-56.5688
194	912	-311	-9.68625	-20.4663	-79.6863
130	890	-299	-14.7613	-26.3813	-102.165
65	898	-277	-18.1125	-34.3963	-126.263
-133	889	-242	-21.84	-41.055	-152.976
-267	1010	-266	-23.7913	-41.6675	-152.819
-425	960	-225	-22.8638	-25.8038	-92.1025
-495	956	-214	-15.8725	-11.9525	-42.1575
-412	936	-199	-4.8125	1.33	8.925
-351	930	-211	5.5825	13.5275	46.4188
-239	952	-226	14.5513	25.8388	94.5963
-220	944	-230	21.5163	38.4913	145.95
-48	937	-245	24.185	39.1475	166.67
45	933	-259	22.2163	36.1025	159.434
168	913	-278	16.1875	25.55	122.124
260	891	-290	9.87	15.8813	79.0913
317	892	-290	5.145	8.2775	41.6063
316	887	-292	1.37375	4.025	15.2775
302	902	-290	-0.525	1.645	2.31
269	897	-281	-0.84875	0.8225	-4.01625
259	901	-278	1.07625	1.14625	-6.405
241	908	-282	3.045	1.89875	-9.21375
238	926	-286	3.94625	0.0175	-16.9838
226	929	-287	2.38	-3.85875	-29.6275
215	904	-288	-0.18375	-9.0125	-44.485
194	892	-287	-1.26875	-14.105	-56.875
153	897	-286	-2.54625	-19.1713	-70.4113
96	910	-280	-4.8125	-26.18	-90.6763
-19	903	-280	-7.525	-34.02	-114.433
-137	913	-272	-8.26	-42.8225	-137.716
-190	927	-258	-10.36	-47.2325	-149.923
-384	978	-277	-12.425	-39.48	-135.695
-481	971	-254	-10.5613	-24.7713	-68.5825
-566	961	-250	-6.25625	-8.4875	-10.7538
-439	991	-245	-0.83125	6.3875	40.6438
-371	922	-233	3.5	24.5438	91.665
-221	896	-240	11.1475	35.4813	121.415
-110	908	-253	19.3988	45.5788	143.001
-63	924	-264	24.6488	52.0188	151.366
61	922	-276	24.885	47.8363	136.675
163	913	-291	20.9913	39.2	108.106
185	894	-303	15.4963	28.3675	75.775
256	885	-321	10.4475	13.8688	41.755
285	882	-321	5.985	3.36	15.8288
276	873	-319	2.61625	-4.41875	-2.02125
270	872	-327	1.12	-10.8413	-16.5813
236	880	-329	0.4725	-15.855	-32.8738
200	890	-331	-0.41125	-20.2913	-49.4988
169	903	-335	-0.805	-21.8838	-56.6388
142	897	-334	-0.7875	-22.085	-59.0275
74	922	-338	-0.39375	-21.7263	-64.2688
10	944	-342	-1.365	-21.6738	-69.8513
-17	939	-341	-3.5875	-22.4788	-73.64
-113	937	-333	-5.69625	-24.2113	-79.17
-179	973	-333	-6.99125	-29.0238	-88.9963
-219	984	-332	-11.7163	-26.5563	-79.7913
-321	960	-320	-13.65	-17.8675	-53.0338
-311	977	-304	-12.2763	-7.2275	-14.7175
-355	928	-282	-8.93375	7.11375	24.6138
-262	961	-288	-1.0325	17.1413	62.2475
-214	939	-277	3.77125	27.2738	101.168
-103	916	-273	7.98875	31.9725	122.404
-37	912	-281	12.8363	34.1163	129.999
59	909	-292	14.8663	28.4375	114.678
185	897	-308	13.195	19.6088	83.0025
245	878	-329	11.0513	14.1838	57.3213
264	880	-335	9.87875	10.8938	39.8213
271	884	-338	7.37625	8.1025	24.4738
276	873	-339	5.04875	4.69875	10.7888
289	865	-341	4.34	1.81125	1.9075
283	887	-348	3.92875	0.0525	-4.3925
297	903	-355	1.16375	-3.29	-17.5788
262	900	-348	-2.905	-5.845	-33.3987
235	900	-344	-7.27125	-10.5263	-52.0013
230	895	-335	-11.5238	-15.5313	-69.2125
140	898	-318	-15.1375	-19.5738	-84.4638
66	895	-296	-18.6463	-28.0963	-108.08
-79	885	-267	-21.6738	-37.3363	-134.251
-165	899	-238	-22.9775	-47.67	-155.374
-314	886	-236	-23.1263	-49.3588	-162.776
-433	955	-235	-17.8238	-39.3313	-125.02
-611	945	-220	-10.8063	-20.2825	-55.3438
-582	955	-221	-3.045	-6.79875	-1.00625
-460	925	-214	1.4175	7.8225	41.475
-383	902	-225	5.50375	21.8575	71.89
-294	915	-243	9.975	32.6725	95.62
-199	926	-251	13.1513	42.91	118.108
-145	942	-261	15.19	50.5488	134.61
-61	944	-266	15.1638	49.8225	131.801
40	935	-273	13.93	44.7475	120.313
112	917	-282	10.8675	37.0038	101.106
184	899	-287	7.5075	26.5825	73.3513
264	897	-293	5.8275	19.5388	50.2075
268	888	-292	4.41875	16.3712	36.47
280	884	-292	2.58125	10.6663	22.7588
320	873	-294	0.5775	4.62	7.0175
312	873	-293	0.41125	1.33	-6.8425
281	879	-295	1.09375	-3.0975	-21.9713
263	887	-296	1.6975	-9.02125	-37.5725
219	894	-292	1.855	-13.9475	-49.5513
179	904	-293	1.16375	-18.8913	-60.1825
132	888	-297	0.21	-24.3075	-71.5138
44	912	-299	-0.14	-32.3575	-89.32
-89	949	-294	-3.61375	-45.1763	-122.343
-226	967	-300	-9.28375	-58.5463	-159.618
-221	987	-302	-16.3712	-62.7725	-162.225
-348	1005	-297	-19.32	-46.3138	-107.494
-523	932	-241	-14.21	-22.1988	-23.555
-457	954	-234	-5.76625	-7.7525	24.0625
-355	956	-232	0.28875	9.66875	68.0488
-275	930	-230	5.9675	26.005	107.66
-200	916	-233	10.8238	35.245	125.318
-80	911	-241	14.4988	38.0188	126.595
21	910	-255	16.3275	38.2288	119.578
103	909	-268	17.1938	34.2475	102.856
192	910	-284	16.4325	29.925	86.1175
188	896	-287	14.595	25.8388	66.5963
256	898	-300	12.9413	16.9575	44.4763
264	912	-306	10.6663	11.1913	30.555
276	904	-312	7.2275	6.02	18.8388
287	889	-315	4.45375	1.70625	9.2925
289	890	-320	2.7125	-2.35375	1.5225
280	898	-320	0.9625	-6.9825	-9.5725
262	896	-325	-1.6625	-12.0838	-24.4913
259	893	-326	-4.305	-18.375	-42.4463
217	890	-319	-7.04375	-23.9225	-59.5175
160	915	-315	-10.8675	-31.675	-81.9875
107	890	-303	-15.5925	-41.1425	-109.909
-46	899	-277	-18.5413	-49.665	-136.964
-123	890	-250	-21.5688	-59.2813	-162.146
-297	976	-256	-23.765	-57.1463	-164.491
-431	930	-233	-22.61	-42.4988	-114.853
-548	958	-213	-16.1088	-23.9138	-60.2613
-519	953	-216	-7.945	-5.7575	-6.5625
-450	938	-207	0.945	15.5925	51.5113
-348	891	-212	10.2463	33.2675	94.395
-241	932	-236	20.0288	45.8675	122.526
-168	941	-251	24.4913	55.8775	144.41
-72	913	-256	25.3575	55.5275	139.064
87	933	-283	24.675	49.1838	123.183
85	915	-292	21.0788	43.12	101.736
205	905	-311	16.1263	28.9975	68.4513
235	908	-320	11.5238	22.0763	49.5163
233	905	-319	7.93625	16.3975	38.5175
267	897	-320	4.7425	9.70375	28.0175
265	891	-317	2.61625	5.4775	22.3475
278	886	-317	1.25125	-0.1225	12.7138
303	878	-320	0.55125	-5.95875	1.2425
303	882	-325	-0.02625	-9.8175	-7.48125
269	889	-332	-1.6975	-14.035	-20.8163
275	896	-334	-4.515	-20.895	-39.06
216	894	-330	-8.35625	-26.3288	-56.4638
165	923	-326	-11.9788	-35.4463	-80.8063
103	908	-309	-16.17	-46.27	-112.805
31	878	-285	-19.0313	-56.1663	-142.336
-144	877	-265	-20.8775	-63.0088	-162.855
-281	948	-255	-21.9713	-67.6813	-171.64
-462	989	-262	-25.6638	-61.2675	-134.164
-565	983	-232	-22.1638	-42.7963	-48.8163
-559	911	-193	-13.405	-16.3363	16.0738
-402	911	-181	0.77	6.95625	56.315
-340	904	-192	10.6663	27.3788	87.0625
-249	889	-218	18.2525	38.6838	105.481
-130	931	-240	24.22	48.5275	119.805
-76	917	-257	26.5563	57.2863	126.053
24	948	-276	27.4138	56.5688	117.653
78	919	-290	24.465	52.8063	103.548
180	914	-306	20.9475	45.5175	87.64
179	911	-311	17.3425	39.69	73.64
249	912	-317	13.6588	28.7963	53.3488
304	891	-322	9.87875	20.9563	37.45
317	879	-322	7.30625	16.7738	27.8863
321	879	-320	5.075	12.1888	18.6988
325	886	-325	1.68	6.50125	6.8425
339	878	-322	-1.7325	-0.06125	-7.60375
320	876	-318	-4.0075	-5.50375	-20.7638
300	872	-315	-5.59125	-11.7688	-35.5163
275	879	-311	-6.74625	-19.0313	-51.2575
217	903	-308	-9.14375	-26.6875	-69.8775
134	903	-297	-12.5213	-37.0125	-97.0463
53	910	-287	-13.9475	-47.53	-124.084
-63	936	-272	-14.07	-52.0625	-143.185
-94	903	-269	-14.14	-49.1225	-153.038
-155	973	-294	-8.925	-25.8213	-131.565
-444	978	-296	-3.03625	9.51125	-61.8538
-489	1010	-290	2.7825	20.055	9.28375
-365	978	-285	3.3425	20.7288	60.2438
-259	934	-279	4.5675	22.575	94.3338
-137	906	-279	8.39125	24.885	115.561
-17	912	-287	11.6025	25.795	121.625
53	920	-298	12.3463	26.705	120.855
129	915	-307	11.7775	25.9438	115.518
221	895	-306	10.7188	23.5638	101.308
293	877	-314	9.80875	21.3413	82.4163
299	874	-318	9.09125	18.5588	65.7037
355	877	-325	6.8075	12.1625	46.2263
401	849	-325	4.38375	8.0675	31.4563
377	838	-322	3.73625	6.20375	23.0738
389	838	-326	2.905	1.1375	10.815
407	853	-334	0.53375	-4.8475	-5.18
386	865	-337	-3.57875	-10.3863	-25.1125
365	875	-336	-8.435	-16.695	-45.3338
344	893	-334	-13.3	-22.0938	-60.1213
270	892	-319	-17.57	-25.83	-73.9813
198	890	-305	-20.4663	-31.0363	-90.65
85	922	-285	-22.2775	-37.135	-108.64
1	922	-271	-24.3425	-45.885	-130.594
-148	974	-237	-27.3875	-50.2513	-150.378
-193	883	-243	-28.1663	-50.1725	-155.689
-218	994	-235	-15.7238	-29.2775	-106.873
-441	935	-212	-3.43875	6.3875	-21.525
-381	957	-225	8.75875	20.125	24.5
-280	964	-238	13.0113	26.6875	49.9888
-245	943	-252	14.8663	32.1913	74.375
-166	937	-265	18.8388	35.5425	97.8513
-68	944	-280	22.1813	37.5725	117.145
12	955	-291	22.4438	38.0888	129.535
111	921	-299	18.7513	33.6875	120.855
204	905	-310	15.3913	27.37	101.246
251	906	-319	11.7425	21.4113	80.0538
317	893	-327	6.95625	15.1725	60.2613
349	876	-327	2.24875	11.2175	45.9025
359	862	-320	-1.40875	6.85125	32.5237
383	844	-317	-3.31625	1.44375	18.1475
390	840	-315	-3.325	-2.70375	8.365
387	861	-320	-3.49125	-6.85125	-1.42625
388	871	-322	-5.53	-11.0775	-16.7738
363	867	-323	-9.3275	-14.14	-34.1338
329	873	-317	-13.1688	-19.0575	-53.4538
278	897	-308	-17.08	-25.725	-74.1475
203	915	-298	-22.0675	-34.4138	-100.879
111	918	-282	-26.11	-42.7963	-127.689
-38	966	-251	-29.5925	-48.2825	-145.128
-115	934	-231	-33.8625	-52.4213	-152.233
-242	999	-220	-33.18	-45.22	-130.848
-360	947	-179	-24.605	-25.1825	-63.3938
-384	969	-159	-10.7538	-5.5475	-7.0875
-289	956	-159	0.98875	11.3663	35.1225
-202	946	-174	10.4913	26.5475	72.0125
-151	947	-185	20.2038	40.0488	104.51
-88	930	-207	26.5125	46.0863	119.254
37	940	-229	29.645	43.96	114.73
110	947	-250	29.96	41.2038	107.651
160	919	-266	28.7525	35.1225	98.6913
248	907	-284	26.67	26.6	86.6075
275	893	-298	23.8263	20.2475	73.3425
309	907	-316	20.1163	13.6063	59.1763
352	901	-337	12.8363	7.25375	40.6875
422	874	-335	5.46875	2.10875	24.64
409	850	-324	-0.0875	0.55125	12.8363
417	841	-324	-2.73875	-3.7625	-2.68625
401	844	-321	-3.9725	-7.91875	-16.8263
360	855	-320	-5.8275	-12.1625	-31.815
348	872	-321	-7.7175	-18.095	-49.4375
301	882	-320	-10.9025	-23.5375	-66.43
267	890	-314	-14.3675	-31.0538	-86.7125
210	891	-304	-17.745	-37.1088	-104.913
80	887	-283	-19.2413	-41.8863	-121.966
-54	947	-264	-20.4225	-46.41	-137.891
-166	951	-263	-21.4463	-44.6075	-134.566
-282	1027	-260	-19.0138	-33.5913	-96.2938
-434	1003	-236	-14.8925	-16.4413	-38.2375
-314	976	-224	-7.6475	-3.99875	8.74125
-237	920	-216	0.91	10.0363	40.8188
-155	939	-230	8.68	18.48	54.425
-131	948	-236	13.3088	28.875	74.83
-59	929	-245	18.2263	38.0975	99.855
42	950	-261	23.7125	44.205	119.49
78	941	-272	25.2875	46.6813	126.376
175	917	-289	23.9663	40.4338	112.971
248	902	-305	20.8688	32.305	89.845
319	895	-313	16.1788	23.5988	65.2838
362	881	-318	9.6425	16.1788	44.135
390	857	-317	3.64	9.28375	26.1275
417	837	-314	0.1925	3.4125	12.9325
399	838	-312	-1.39125	-0.805	2.555
394	849	-313	-2.40625	-6.86875	-12.985
378	855	-317	-4.025	-12.1713	-30.6775
353	874	-320	-6.4575	-16.5288	-46.4625
291	887	-320	-9.93125	-21.4638	-63.42
246	914	-312	-13.2738	-30.3625	-88.13
161	906	-296	-17.7888	-37.905	-113.715
41	912	-273	-20.3175	-44.0038	-133.298
-82	964	-259	-21.3238	-46.1563	-141.312
-181	950	-253	-21.4638	-40.7575	-124.915
-255	1011	-250	-16.4238	-27.335	-80.6225
-349	972	-233	-9.52875	-8.82875	-21.1838
-293	977	-228	-0.1925	5.08375	23.3888
-209	954	-232	7	18.3138	56.6038
-129	950	-246	12.6263	28.7963	83.4225
-73	940	-257	17.5263	38.2113	111.256
30	941	-264	20.9213	42.0263	124.635
144	936	-274	20.6675	43.0675	125.195
167	906	-280	19.0838	40.355	111.545
276	894	-293	17.1763	29.365	84.2625
338	872	-302	14.245	21.7613	62.4313
348	869	-308	12.5038	16.2838	51.1875
372	872	-316	9.45875	8.60125	35.6213
426	847	-320	4.69875	1.19	17.9288
418	839	-319	1.8025	-2.10875	6.18625
423	848	-323	-0.09625	-5.18	-5.74
419	853	-325	-2.16125	-6.6675	-15.33
385	859	-322	-4.41	-8.42625	-24.2025
370	870	-318	-6.99125	-12.53	-36.7325
348	881	-317	-10.3775	-17.3513	-52.99
324	896	-312	-14.2275	-21.7613	-72.4325
256	888	-297	-18.0775	-25.445	-92.4525
157	895	-275	-20.4838	-31.6575	-114.739
39	893	-252	-22.3388	-39.655	-138.723
-90	915	-222	-23.835	-46.2088	-156.196
-233	983	-231	-23.835	-45.2725	-145.031
-424	977	-207	-18.5063	-33.7488	-85.8025
-444	1004	-203	-10.6488	-21.7613	-25.095
-375	957	-199	-0.28	-5.285	29.54
-198	970	-208	10.22	12.2063	65.9225
-189	927	-219	18.1825	31.955	98.3675
-77	939	-237	25.9175	39.41	115.211
5	940	-252	27.51	42.5513	118.904
86	915	-271	25.5675	38.7013	105.534
175	920	-290	23.4588	32.7863	88.1475
217	902	-303	19.4338	26.4425	69.895
259	903	-315	15.9513	19.8275	55.65
266	904	-323	13.02	13.6063	42.3063
305	900	-328	9.8525	6.93	30.1438
303	889	-326	6.15125	3.40375	21.28
322	878	-328	2.9925	0.1575	14.5338
338	875	-330	0.6475	-2.0125	8.995
333	877	-329	-1.155	-3.87625	1.9075
319	882	-329	-2.765	-6.51	-8.4525
319	888	-328	-4.48875	-10.08	-22.3475
292	899	-320	-6.86875	-12.88	-36.7063
247	899	-309	-9.28375	-16.6163	-51.2663
222	899	-305	-10.2988	-19.9325	-61.3725
163	906	-302	-10.255	-20.895	-67.6813
103	931	-297	-11.1125	-24.0975	-81.27
10	926	-284	-12.9763	-29.4088	-101.308
-36	914	-275	-14.175	-36.6538	-121.511
-113	928	-255	-15.4088	-41.0025	-137.174
-239	941	-253	-18.4888	-39.1913	-137.314
-359	914	-245	-16.6688	-31.5088	-111.921
-490	989	-251	-10.7275	-17.1763	-61.9063
-516	961	-240	-4.66375	1.8725	13.1163
-401	933	-234	3.185	18.0775	66.99
-290	913	-240	9.9575	31.2813	93.7125
-207	928	-262	15.6275	39.0688	105.464
-134	919	-266	17.8938	42.7	109.419
-9	917	-278	17.3863	41.0025	101.159
52	915	-294	16.8875	39.9963	94.4038
98	913	-303	16.7563	37.7388	87.57
141	904	-309	15.7588	32.7513	73.0013
164	912	-319	14.0788	25.83	53.1038
169	920	-328	11.6113	16.5375	29.0238
