A_X [mg] 	 A_Y [mg] 	 A_Z [mg] 	G_X [dps] 	 G_Y [dps] 	 G_Z [dps] 
40	978	-281	0.42	0.65625	3.15
13	937	-280	-0.315	2.73	3.14125
23	936	-272	3.15875	-0.37625	3.85875
54	943	-257	6.46625	-3.85875	2.00375
107	914	-275	7.48125	-5.425	1.3125
94	937	-302	9.68625	-4.3225	-1.19
82	973	-342	6.86	-2.19625	-7.93625
58	1006	-360	-1.4175	0.27125	-3.1675
174	1097	-410	-15.4088	7.6825	1.3475
276	1045	-416	-41.23	38.36	-4.68125
235	879	-328	-58.3188	75.075	-8.82875
332	826	-303	-51.0388	106.925	-14.1313
526	936	-398	-38.9113	157.168	-24.7275
47	762	-342	-33.9238	227.22	-36.015
-765	745	-27	-2.26625	216.195	-36.8375
-564	996	35	40.075	102.918	-14.1225
-517	1005	-24	52.5088	9.59	12.2063
-468	989	-131	55.5625	-72.5288	35.35
-416	887	-312	56.2888	-150.526	62.8075
-305	854	-527	56.0263	-223.983	83.72
-116	863	-746	46.8475	-275.993	102.183
135	867	-832	24.7363	-286.396	107.651
604	901	-825	4.87375	-266.752	89.8625
717	865	-685	-9.12625	-169.286	62.7025
458	890	-557	-16.345	-68.9062	22.8725
399	868	-494	-18.6725	-1.6975	-0.97125
220	890	-460	-17.9288	48.4138	-17.0538
203	916	-444	-18.6025	75.67	-27.195
230	894	-455	-20.7375	101.115	-33.075
217	909	-443	-20.6325	129.719	-39.7425
287	921	-467	-23.065	159.294	-47.5563
338	805	-533	-22.8375	201.478	-55.9475
266	811	-571	-13.44	248.176	-60.9263
72	735	-587	-2.75625	280.928	-69.2125
-427	733	-407	17.1588	279.519	-75.6963
-810	974	-209	40.565	213.203	-65.6775
-1007	1174	-97	41.9388	74.0338	-21.0613
-682	1043	-219	21.4025	-82.0925	32.8825
-677	940	-427	10.255	-196.648	59.8238
-370	816	-724	5.83625	-277.008	89.5213
-135	815	-875	-0.5425	-286.685	100.835
133	844	-896	-10.8413	-286.685	106.916
351	784	-816	-22.4	-286.361	103.32
443	880	-665	-25.2788	-257.294	85.645
694	916	-559	-32.2788	-179.611	52.6488
658	742	-423	-26.0313	-63.9888	20.2825
310	880	-372	-5.075	33.74	-14.245
98	956	-351	2.975	82.32	-33.2063
8	919	-339	2.89625	98.0263	-37.31
-67	951	-332	3.99	98.21	-31.8588
14	979	-340	2.23125	91.35	-24.1675
106	952	-367	-2.33625	97.9738	-25.2963
147	916	-372	-3.94625	116.533	-30.0388
124	876	-397	-1.58375	140.438	-36.8463
198	907	-439	3.47375	163.153	-43.5313
244	864	-515	4.76	199.115	-51.9663
208	916	-606	4.41875	239.33	-61.8275
-36	803	-574	-0.6475	269.071	-67.8738
-336	799	-424	6.79	257.609	-68.3725
-668	890	-262	20.125	200.375	-66.5
-959	1093	-115	28.6913	90.5013	-38.78
-772	1064	-188	21.0438	-52.885	13.4138
-606	918	-361	14.5075	-163.214	54.0838
-451	847	-572	15.1113	-245.831	81.4975
-212	827	-768	12.5563	-284.821	95.9525
-55	872	-799	3.92	-286.685	105.228
14	800	-798	-11.5675	-286.685	114.984
256	856	-762	-18.8825	-283.036	109.883
563	823	-617	-27.5713	-234.798	85.8113
678	807	-487	-22.2163	-136.666	46.5238
401	875	-396	-9.24875	-33.8013	6.20375
208	914	-365	-2.94	29.75	-20.335
33	956	-341	-1.3125	62.09	-29.47
51	970	-341	-3.43	72.6338	-27.0813
159	916	-375	-5.31125	90.1075	-28.035
110	931	-378	-3.05375	120.706	-34.6588
118	921	-401	-3.43	145.338	-40.7313
45	853	-424	-0.46375	168.271	-43.33
61	915	-439	5.20625	181.169	-48.1163
-22	863	-457	4.48	193.121	-54.425
-50	901	-450	7.7525	193.253	-55.3788
-50	919	-446	5.31125	189.254	-58.5638
-3	942	-458	-0.665	187.373	-61.8363
-160	852	-416	-7.18375	188.431	-61.39
-559	873	-248	0.86625	161.884	-54.74
-724	1013	-150	14.385	81.2788	-32.2525
-587	1005	-198	15.8113	-20.37	5.66125
-556	947	-283	14.875	-105.061	37.45
-431	874	-413	17.7188	-177.406	62.8513
-259	825	-566	20.6325	-231.368	81.2263
-165	849	-661	19.6088	-263.27	90.1688
-33	871	-697	10.0363	-276.999	92.3475
60	889	-689	-2.7825	-269.194	85.5663
339	946	-640	-15.1288	-234.763	74.6813
180	858	-505	-25.2263	-174.598	60.3925
309	936	-439	-23.8263	-128.415	39.6813
276	894	-356	-24.3075	-70.2013	18.9263
153	894	-306	-16.8525	-19.3638	7.14875
104	944	-285	-9.1	14.8488	-2.3275
62	939	-279	-6.3875	40.0225	-11.4275
87	928	-300	-2.7125	60.3225	-18.55
74	929	-311	2.0475	83.9475	-20.4663
26	968	-329	4.48	104.073	-23.485
-12	931	-324	2.35375	118.808	-30.9488
-4	919	-352	4.19125	126.884	-32.8738
0	933	-372	6.4225	135.809	-35.735
40	964	-397	3.5525	145.495	-37.0125
19	920	-428	-3.07125	159.11	-41.86
60	950	-445	-8.015	171.483	-49.1663
78	943	-483	-18.8825	190.278	-57.4963
-45	874	-466	-27.6063	209.956	-63.9538
-418	801	-315	-24.4125	205.905	-61.3725
-633	918	-166	-5.13625	152.95	-46.2263
-593	1014	-132	6.6675	70.5688	-19.6175
-550	958	-136	8.96	-12.635	8.6975
-518	927	-185	16.2138	-87.2113	29.925
-452	885	-312	25.6113	-154.07	52.6663
-302	854	-474	31.8325	-210.648	71.19
-272	876	-566	31.4738	-249.83	78.2163
-140	862	-667	23.8263	-278.066	88.0775
-30	826	-697	14.0175	-284.428	90.2738
149	911	-677	8.28625	-270.436	87.395
294	905	-587	-4.08625	-231.411	83.1075
544	871	-485	-8.39125	-161.044	60.41
287	898	-401	-4.24375	-72.835	27.3263
253	957	-381	-1.0675	-14.5163	-0.30625
113	946	-355	-4.725	30.73	-14.805
-12	940	-340	-6.1775	54.8013	-20.7113
15	975	-340	-6.74625	63.6038	-17.6663
103	947	-358	-9.84375	79.38	-16.4675
67	932	-370	-10.045	103.74	-22.6363
130	956	-373	-11.0863	127.05	-31.3775
45	897	-381	-12.3638	152.128	-33.3375
36	903	-395	-8.505	167.808	-38.4738
123	919	-429	-6.22125	182.648	-43.1288
180	903	-527	-8.6975	211.724	-51.695
-25	900	-484	-14.07	238.753	-62.0288
-187	833	-438	-19.0575	238.193	-71.6363
-522	823	-266	-10.99	208.705	-68.4775
-688	958	-134	7.72625	136.273	-45.325
-714	1013	-100	17.4388	41.1863	-11.515
-599	970	-165	22.54	-55.0113	27.2913
-553	912	-289	25.5413	-136.15	51.9838
-382	864	-456	29.155	-207.463	71.435
-278	835	-593	30.38	-256.743	81.1475
-147	867	-678	27.755	-283.5	87.71
-10	798	-719	18.1738	-286.571	96.4163
245	880	-710	13.4838	-276.281	92.5138
378	891	-607	3.12375	-220.045	82.5913
326	921	-513	-3.52625	-150.614	53.5325
374	933	-451	-8.61	-86.9925	26.3638
227	891	-396	-9.56375	-22.5488	7.84
113	930	-363	-6.2475	20.0638	-6.97375
55	925	-349	-5.87125	45.3688	-15.5313
-33	946	-332	-4.6725	57.9425	-16.5463
19	949	-338	-5.24125	60.235	-15.5488
24	963	-344	-6.4575	68.0663	-16.0125
55	960	-352	-9.24875	79.2225	-19.67
155	944	-373	-12.1363	98.1575	-24.8413
124	909	-385	-13.8425	127.549	-29.3388
106	900	-400	-12.215	149.975	-35.5863
196	923	-455	-11.6288	173.81	-48.405
163	910	-498	-17.4563	208.311	-62.51
12	867	-502	-24.0275	235.935	-72.2138
-321	788	-377	-23.5725	239.593	-74.69
-522	856	-238	-5.9675	200.813	-58.3275
-632	931	-156	13.3613	135.835	-32.935
-701	1016	-108	27.1425	48.7463	6.53625
-539	978	-186	31.99	-44.3538	46.27
-536	933	-316	30.8613	-122.903	64.225
-373	914	-508	26.565	-201.565	82.3638
-186	916	-636	12.8363	-253.479	88.3488
-171	876	-699	-2.94875	-279.598	90.7988
-4	805	-754	-14.2275	-286.676	93.5113
456	836	-697	-16.5288	-277.646	90.44
461	843	-517	-18.1388	-206.78	91.3325
396	885	-429	-15.4963	-132.396	61.005
466	879	-375	-8.4875	-63.0525	24.535
183	919	-329	-0.6825	1.98625	2.12625
127	929	-337	5.04	28.9888	-9.56375
65	960	-333	6.51	44.73	-12.5563
48	971	-335	3.1325	50.6625	-12.2675
139	933	-355	-0.53375	58.2138	-16.3975
96	921	-350	-0.04375	74.41	-17.675
174	949	-373	1.12	87.4038	-20.5625
240	911	-394	0.42875	113.024	-31.1063
255	943	-435	-0.9975	144.848	-40.4863
284	885	-488	-4.87375	181.72	-52.6925
295	868	-563	-5.6	224.665	-63.035
127	831	-609	-7.9975	266.849	-73.675
-231	794	-468	-4.90875	277.979	-71.365
-546	859	-291	9.0475	238.035	-58.3013
-688	973	-166	25.9438	152.898	-41.65
-678	1109	-113	29.5838	44.345	-10.6575
-639	1032	-185	17.9113	-62.3438	21.105
-476	967	-339	11.1213	-158.401	48.8163
-330	859	-517	5.50375	-232.181	71.3213
-182	866	-642	3.77125	-277.506	80.0363
-42	852	-717	-0.93625	-286.685	88.7075
143	825	-717	-10.2113	-286.213	88.8388
455	850	-642	-10.92	-262.526	79.3975
334	935	-515	-12.425	-193.27	64.33
473	917	-443	-14.9975	-125.703	40.6613
297	926	-376	-13.37	-54.1013	27.0375
253	903	-340	-10.2988	-6.125	10.6488
210	911	-320	-5.45125	31.535	-5.24125
132	923	-324	-1.61875	57.7763	-16.065
202	942	-340	0.0875	76.1513	-23.7738
126	922	-357	0.98875	102.156	-31.4213
158	948	-375	2.24875	121.783	-39.4888
214	911	-411	1.015	149.161	-45.5088
123	927	-444	0.90125	181.755	-48.5188
198	880	-491	-0.72625	206.019	-53.795
180	831	-571	2.52875	240.503	-63.0788
131	879	-622	4.62	272.449	-72.0738
-364	846	-542	-0.56875	282.879	-74.3488
-727	930	-268	4.0775	225.776	-54.7838
-692	1019	-126	9.835	115.876	-31.8675
-653	1037	-116	8.9775	6.44	-5.4075
-592	984	-192	8.7675	-93.275	30.3888
-394	908	-353	10.9113	-175.508	61.6788
-349	857	-503	11.5675	-234.981	84.0438
-196	846	-652	9.1875	-278.425	95.48
35	801	-743	4.025	-286.685	110.521
221	804	-720	-3.325	-284.751	104.501
325	889	-661	-6.58875	-260.986	93.3625
536	814	-555	-12.5388	-207.06	79.6513
521	832	-461	-5.24125	-125.755	50.8725
368	928	-429	2.695	-53.3838	18.4188
323	924	-408	2.56375	-1.155	-3.64875
191	904	-407	1.81125	38.745	-14.175
142	943	-398	1.855	59.7538	-18.4363
239	907	-410	-0.56	76.335	-23.4325
200	903	-422	-0.27125	102.664	-32.6025
277	946	-440	-1.47875	127.129	-44.0213
238	839	-474	-4.5675	160.685	-54.2675
289	873	-517	-0.16625	193.043	-61.4425
180	815	-563	2.12625	229.898	-68.845
215	864	-630	5.81	257.04	-74.5938
-59	802	-608	3.71875	281.584	-78.0675
-503	846	-399	11.06	262.43	-69.58
-709	995	-212	21.035	177.284	-48.2913
-641	1065	-151	20.0375	62.4313	-23.695
-670	1052	-179	11.9788	-48.93	8.8375
-556	991	-328	4.165	-154.604	45.8763
-307	853	-545	-2.9225	-239.523	76.0113
-191	828	-660	-5.20625	-281.969	86.73
10	830	-747	-7.23625	-286.685	98.8488
100	833	-731	-15.5575	-286.685	102.646
358	848	-696	-19.1713	-278.303	96.8975
470	865	-559	-22.89	-220.509	85.3038
470	861	-458	-21.0088	-149.153	60.4713
567	855	-420	-13.37	-78.5925	27.5888
422	871	-382	-3.43875	-0.21	-3.63125
275	884	-387	5.04	56.91	-22.3563
196	924	-379	10.1238	90.895	-31.2813
177	920	-402	10.605	114.581	-38.9375
27	935	-411	9.79125	131.285	-44.3188
150	1020	-429	4.50625	133.429	-40.8975
222	947	-462	-7.945	153.93	-43.8638
221	968	-500	-17.9463	182.796	-50.7938
199	940	-503	-31.465	213.316	-57.2688
33	873	-454	-39.8563	236.539	-55.09
-234	827	-306	-36.12	233.433	-50.1113
-397	847	-136	-17.3863	191.004	-36.8638
-498	925	-36	6.6325	127.461	-18.27
-617	1010	1	23.8175	44.345	1.8725
-621	1016	-76	28.175	-58.4238	24.9113
-504	955	-255	26.3463	-162.776	47.2675
-288	892	-477	22.2338	-245.446	65.695
-94	828	-660	16.8875	-283.841	80.2463
88	919	-725	9.8525	-286.685	87.2813
316	888	-679	-7.42875	-283.465	86.5725
696	791	-588	-8.63625	-235.104	76.1075
473	945	-470	-1.5575	-139.878	45.0013
456	957	-418	-4.41	-69.0375	8.75875
264	884	-384	-7.1225	-12.6613	-10.3338
175	922	-356	-3.605	20.895	-14.2188
113	936	-334	-2.14375	41.0113	-13.685
173	910	-345	0.60375	54.8975	-14.6825
320	901	-380	6.39625	79.625	-22.3825
341	898	-439	11.6463	122.045	-37.9225
307	875	-489	13.2825	169.838	-55.7813
166	834	-525	14.525	206.535	-64.995
115	828	-563	18.3925	226.914	-69.7463
179	863	-610	20.895	241.29	-71.7588
152	830	-710	17.2113	266.963	-78.12
-439	812	-545	16.6075	274.908	-81.305
-901	1032	-243	22.1375	191.896	-63.4463
-599	1139	-198	12.005	53.2875	-21.7
-468	966	-246	-6.685	-51.6425	10.0538
-355	994	-316	-8.575	-129.159	32.5588
-308	897	-413	-11.97	-187.136	64.785
-325	856	-559	-11.6638	-240.608	90.5538
-153	855	-695	-15.5925	-281.496	105.665
89	854	-748	-27.5275	-286.685	109.331
406	777	-679	-35.7613	-279.991	102.261
435	822	-533	-29.7588	-225.715	89.67
576	869	-478	-24.4825	-165.06	58.0038
652	785	-376	-14.8488	-81.3663	20.7813
340	878	-355	2.9925	-2.6075	-5.075
259	926	-368	12.285	39.7688	-19.5475
170	950	-358	12.3375	67.2088	-26.6963
117	940	-372	9.80875	80.2463	-28.3938
204	901	-386	9.23125	91.5513	-31.815
247	937	-424	9.8525	113.741	-40.5388
296	918	-444	6.22125	143.579	-54.1713
290	848	-510	2.89625	181.265	-64.0063
234	821	-606	7.00875	226.24	-71.3913
67	876	-566	11.5325	256.375	-68.25
4	874	-547	10.5	261.205	-63.6738
-219	839	-447	10.22	247.004	-63.6125
-598	897	-266	17.0625	192.841	-61.7925
-710	1090	-156	22.2775	86.5638	-42.0088
-607	1074	-202	10.1763	-32.9088	-3.815
-544	1001	-317	-0.69125	-131.154	27.3525
-409	926	-472	-5.495	-215.023	60.2438
-221	827	-615	-9.59	-271.898	81.0863
-61	825	-699	-8.75875	-286.545	96.6175
277	823	-717	-13.7725	-285.609	99.3825
390	822	-569	-14.455	-249.69	92.0413
373	921	-497	-12.3375	-192.929	75.9063
514	895	-435	-15.6713	-134.68	51.905
382	855	-363	-10.745	-65.7125	30.1263
285	913	-340	-0.79625	-15.7763	8.8025
240	929	-328	2.5725	17.08	-6.37
218	902	-345	4.61125	42.3675	-16.3712
230	914	-359	9.10875	66.71	-27.2038
216	942	-376	10.08	91.8925	-34.8163
192	903	-386	8.81125	114.818	-43.8025
202	891	-403	9.75625	136.973	-52.675
199	854	-445	12.9063	161.298	-58.275
152	865	-463	18.795	186.533	-62.2388
121	831	-520	23.5638	208.898	-64.33
97	842	-581	31.3338	228.191	-65.905
-32	885	-558	34.58	238.166	-65.7475
-338	945	-474	29.7063	218.724	-61.1538
-739	1068	-299	18.7425	140.254	-43.89
-597	1108	-266	-1.575	12.1713	-15.1113
-418	993	-335	-20.8075	-90.7288	9.485
-398	950	-416	-26.2325	-162.619	36.3738
-285	897	-523	-28.2188	-224.814	66.0188
-134	833	-613	-30.1788	-266.105	85.7413
-33	866	-633	-31.5613	-283.465	97.3963
103	799	-616	-36.0675	-282.529	99.0238
633	839	-565	-30.8788	-253.251	95.6288
408	790	-385	-24.6925	-165.865	73.4125
484	892	-321	-9.05625	-106.479	40.1013
368	841	-275	1.44375	-50.5925	8.05875
271	878	-304	16.38	-11.2088	-11.3663
152	952	-331	24.6575	14.7963	-18.9088
144	981	-360	21.2975	28.2275	-19.4163
141	959	-379	14.6738	41.1075	-21.6038
254	967	-405	8.96875	58.8175	-25.4363
299	900	-427	4.4625	93.03	-33.9238
255	883	-444	6.0725	132.09	-46.0075
145	893	-450	6.44	161.508	-56.2625
164	880	-488	5.04	179.541	-62.3088
192	889	-513	5.62625	198.765	-61.075
283	949	-628	-0.2625	228.086	-64.1463
-102	812	-554	-10.85	258.431	-74.83
-377	863	-358	-6.01125	232.768	-70.8925
-646	882	-207	1.65375	164.01	-55.2475
-737	1041	-120	14.8488	58.2313	-28.6475
-667	1051	-182	11.2263	-60.8475	12.4688
-496	954	-332	3.885	-159.994	45.6838
-401	876	-515	1.89875	-237.86	73.3075
-96	842	-669	-0.7	-282.949	91.49
94	892	-681	-6.48375	-286.641	94.1413
315	907	-662	-19.7488	-270.533	90.3525
322	850	-531	-25.6113	-220.885	82.0488
350	872	-448	-23.345	-172.944	72.2138
446	907	-386	-19.9938	-121.126	52.5263
411	897	-328	-16.3188	-62.0813	28.9275
267	912	-292	-10.71	-13.755	9.1875
244	934	-265	-5.39875	16.6688	-3.9725
104	930	-243	-1.26	36.3475	-11.2088
129	937	-255	3.9375	39.725	-13.6938
209	922	-279	9.0825	48.7813	-18.6113
210	927	-308	14.1138	69.0375	-25.97
243	932	-338	16.1088	92.8025	-34.3525
288	899	-384	17.8238	124.11	-40.7925
167	905	-413	21.0788	157.159	-47.7138
163	911	-453	21.175	179.043	-57.19
163	911	-488	19.1888	199.01	-60.6988
256	917	-597	14.3413	223.93	-64.6013
94	872	-609	6.86	258.703	-69.4488
-207	815	-485	4.75125	265.423	-70.665
-646	930	-292	13.3	218.846	-60.9875
-786	1079	-144	16.3538	107.538	-31.1675
-711	1062	-152	5.74	-20.615	-1.61
-525	1017	-272	-1.91625	-132.09	33.8013
-299	878	-446	-7.77	-211.986	65.4588
-163	832	-554	-6.69375	-260.741	76.965
20	840	-646	-3.78875	-283.911	81.8913
21	896	-647	-8.42625	-285.565	89.74
366	845	-633	-17.7188	-271.661	88.1038
564	860	-531	-17.2812	-207.716	69.7988
372	905	-422	-14.1838	-131.451	45.5175
412	909	-366	-11.6638	-73.7013	22.1375
220	895	-320	-6.02875	-22.4	8.77625
176	943	-311	0.35875	4.3575	-1.2075
130	940	-303	1.49625	23.3275	-6.85125
36	945	-290	2.75625	31.745	-7.69125
76	968	-294	2.89625	29.5225	-7.83125
130	959	-313	0.91875	32.5588	-9.3975
208	923	-338	-0.00875	47.0225	-15.3825
278	923	-353	2.35375	73.3163	-25.5588
240	903	-385	4.095	108.806	-39.1038
247	924	-413	4.9525	140.298	-50.1025
282	892	-467	2.75625	177.083	-58.1963
288	883	-582	2.765	221.296	-65.8263
160	858	-650	0.7525	267.846	-72.8525
-81	821	-570	-0.245	286.029	-72.8525
-502	796	-431	5.87125	271.889	-73.7538
-1061	1054	-137	19.005	181.703	-49.0438
-781	1121	-81	15.645	21.8488	-3.5525
-579	972	-209	2.6075	-102.218	28.0963
-403	895	-355	4.10375	-189.376	50.8463
-311	843	-533	7.805	-252.411	71.4088
-60	866	-662	7.56875	-284.699	86.065
8	891	-677	1.35625	-286.685	94.9375
297	843	-682	-10.8763	-277.76	93.8175
407	849	-564	-11.3138	-230.169	80.71
424	936	-480	-12.0225	-166.801	62.1688
462	892	-409	-14.2888	-99.4788	35.07
329	885	-351	-9.4325	-35.4113	13.9213
179	943	-322	-3.9375	5.7925	-0.91875
126	951	-300	-3.43875	26.1713	-8.84625
69	937	-292	-2.75625	37.1613	-12.4688
125	947	-304	-0.245	44.1875	-17.0538
90	933	-299	1.58375	58.275	-18.305
67	954	-296	3.99875	65.9225	-16.9838
74	945	-310	4.45375	71.5488	-19.88
177	979	-335	3.3425	79.1613	-22.3475
199	902	-358	0.04375	102.156	-28.8225
198	933	-377	2.82625	128.564	-35.8925
108	878	-371	3.35125	153.046	-42.9188
143	909	-405	8.155	167.764	-47.5825
155	929	-446	8.98625	188.081	-56.8925
166	924	-508	1.7675	211.593	-66.5175
-66	812	-476	-4.1125	230.729	-72.3363
-450	878	-306	4.24375	209.353	-60.9788
-750	999	-132	15.12	129.036	-37.7563
-699	1053	-128	15.0325	15.2688	-9.555
-683	1050	-219	9.45	-94.0363	24.78
-492	941	-387	1.155	-192.115	57.4875
-323	832	-561	-1.7325	-260.785	77.84
-117	842	-676	-0.2275	-285.81	90.5538
177	889	-696	-6.23875	-286.528	102.051
439	764	-595	-13.3088	-261.013	95.4188
357	917	-487	-5.915	-198.109	77.945
542	892	-426	-8.47	-138.294	56.49
409	860	-356	-3.29	-62.2388	29.575
203	934	-331	5.55625	-11.9	8.26
180	958	-323	5.7925	10.7625	-4.6725
80	938	-313	3.36	25.55	-8.56625
57	985	-309	1.96	27.37	-6.13375
135	962	-314	-2.59875	28.7963	-6.06375
211	934	-328	-3.78875	41.6588	-11.6375
245	914	-344	-2.31875	66.7275	-22.9513
221	903	-343	1.04125	94.9288	-33.11
155	903	-358	4.71625	119.543	-41.1688
146	931	-363	7.30625	134.995	-46.025
240	897	-425	6.44875	155.409	-53.7688
217	882	-470	7.84875	187.373	-62.475
276	901	-584	5.25	224.333	-71.75
-94	796	-548	1.015	259.123	-74.9
-521	894	-336	10.15	236.329	-60.9613
-577	954	-202	17.9988	157.588	-42.105
-591	1015	-142	23.4763	65.17	-23.065
-646	1066	-167	21.0613	-30.835	6.50125
-524	1006	-289	12.4163	-125.493	42.875
-514	903	-453	4.55	-206.535	73.78
-302	846	-647	0.16625	-272.396	93.6338
-106	832	-760	-6.4925	-286.685	104.571
257	847	-768	-16.1263	-286.344	112.709
388	758	-655	-21.8575	-265.283	96.0575
469	901	-528	-15.3388	-202.956	77.175
470	899	-451	-16.5463	-130.104	46.095
363	873	-383	-13.6238	-64.0238	21.8663
261	930	-338	-7.34125	-15.9338	4.4625
149	920	-314	-4.83875	16.9138	-8.1025
42	929	-293	-1.40875	32.3225	-11.095
88	965	-300	1.19875	35.8575	-10.4038
79	957	-308	0.93625	42.9538	-10.8675
118	955	-310	0.60375	51.2575	-12.9675
167	939	-330	0.0175	64.5925	-18.445
135	910	-334	1.63625	83.1075	-23.9488
292	929	-371	4.1475	101.605	-27.8513
193	910	-394	3.6925	134.943	-39.8738
321	924	-434	1.2075	162.706	-53.7775
224	783	-519	1.2775	208.46	-69.5538
175	907	-572	8.51375	241.71	-81.0688
-57	763	-604	2.345	271.031	-90.9738
-606	859	-378	13.125	254.861	-71.715
-654	965	-202	26.005	170.468	-44.0475
-667	1054	-146	29.6713	67.97	-18.6638
-691	1037	-182	22.3213	-36.75	12.2413
-612	992	-325	15.575	-139.466	40.425
-428	900	-517	7.7875	-224.831	73.675
-296	852	-677	0.55125	-276.815	91.84
-75	848	-764	-7.665	-286.685	104.055
134	839	-736	-18.0338	-286.405	115.238
419	818	-653	-24.5438	-263.935	102.279
383	894	-508	-23.905	-196.455	87.3688
408	892	-419	-24.15	-130.235	65.1263
375	879	-361	-19.1538	-69.6238	38.9725
320	885	-316	-11.3925	-17.5438	14.2975
198	918	-285	-3.4825	20.5188	-1.7325
182	911	-289	2.415	42.525	-12.5388
172	940	-303	8.77625	63.2363	-18.9175
195	935	-329	12.075	84.2625	-25.9613
152	916	-334	14.595	107.975	-34.2913
144	961	-361	17.5875	124.268	-35.3938
117	967	-393	15.3125	141.479	-34.02
266	921	-436	10.43	158.279	-29.2688
302	786	-491	15.4088	194.469	-39.5325
269	867	-530	28.7088	231.788	-55.7025
151	856	-607	26.5825	262.728	-78.0763
-424	903	-486	22.5838	265.606	-84.1925
-763	1083	-223	16.4938	179.27	-41.9738
-449	1027	-163	5.69625	65.03	-10.6838
-401	1005	-176	2.5375	-18.655	8.46125
-337	1005	-238	-0.62125	-90.4225	35.3675
-382	955	-340	-6.895	-158.078	60.0338
-294	871	-502	-13.9563	-231.403	81.48
-154	818	-665	-19.5213	-280.464	92.9163
119	818	-765	-24.2638	-286.685	100.695
417	861	-726	-30.1088	-284.069	86.905
512	887	-574	-33.6438	-246.269	74.0863
722	761	-450	-25.4888	-163.721	48.2125
397	856	-384	-0.6125	-64.5575	20.0988
322	949	-390	11.935	-7.21	7.3325
223	901	-377	9.84375	28.8488	-4.165
139	893	-387	9.02125	45.29	-9.8
194	914	-381	8.91625	51.7038	-10.3425
223	909	-387	7.00875	64.6888	-18.1125
228	930	-400	5.69625	79.7825	-30.1263
395	928	-429	2.2925	104.72	-43.33
214	845	-431	1.63625	144.961	-54.8975
255	845	-474	8.61875	170.196	-64.0675
104	860	-466	14.385	195.143	-68.0575
167	897	-512	17.1675	203.936	-68.5563
143	854	-566	13.72	224.123	-74.5413
36	881	-520	12.8363	234.369	-72.0213
-116	899	-454	8.855	223.685	-67.6025
-399	897	-320	4.865	185.483	-66.43
-483	1032	-202	6.0375	108.465	-54.4513
-503	1021	-168	-3.05375	23.6338	-29.4438
-416	971	-192	-3.3775	-55.0725	-2.28375
-496	963	-240	3.33375	-118.983	32.0688
-470	921	-362	7.51625	-189.551	64.5575
-393	840	-545	7.14875	-257.583	92.1813
-174	781	-726	4.8475	-285.994	109.436
117	836	-784	-0.41125	-286.685	115.579
502	853	-733	-12.145	-278.81	103.635
532	866	-557	-16.6775	-219.284	82.4425
616	866	-471	-15.8288	-133.744	44.6688
409	798	-372	-5.6175	-48.65	6.8425
255	860	-362	12.7663	4.935	-18.5413
60	992	-375	20.475	35.5338	-25.235
5	965	-370	13.2125	40.0575	-18.3575
21	949	-373	7.525	38.0275	-11.1475
20	955	-370	4.12125	36.085	-5.48625
101	927	-378	1.44375	36.855	-4.54125
131	908	-393	1.60125	47.0663	-8.74125
195	935	-403	1.49625	62.0113	-16.975
234	864	-406	0.86625	84.91	-27.545
217	851	-435	7.02625	113.26	-40.04
237	890	-467	12.32	139.248	-50.0413
182	875	-504	11.4363	165.953	-58.3713
212	890	-550	8.60125	188.493	-67.2613
110	854	-555	4.095	211.951	-77.3325
27	835	-539	1.07625	223.668	-83.5538
-245	856	-439	3.31625	216.641	-74.445
-520	967	-307	7.735	170.625	-51.275
-766	1048	-190	6.51	80.1063	-21.9275
-605	1026	-219	1.39125	-38.7538	17.045
-483	964	-336	-4.10375	-136.115	52.1588
-368	852	-508	-7.70875	-214.856	79.5725
-118	809	-659	-8.5925	-270.944	91.6388
28	830	-702	-10.2463	-286.414	94.9025
269	925	-730	-19.6525	-281.339	98.9975
465	820	-622	-31.745	-232.75	86.4938
341	846	-472	-28.3325	-166.39	71.3563
414	871	-414	-22.1988	-116.235	46.6025
346	882	-360	-15.4613	-64.82	24.3863
260	894	-333	-8.60125	-24.2288	7.32375
208	925	-321	-3.2725	4.13	-2.72125
131	937	-310	-1.1375	22.995	-6.86
99	946	-311	0.09625	31.0275	-10.3775
189	935	-324	0.7175	37.9575	-14.3063
250	893	-345	3.955	58.0213	-21.3588
268	917	-376	8.9425	86.7563	-34.7638
288	881	-415	10.6663	121.354	-47.1975
247	893	-476	12.74	158.288	-54.95
299	898	-526	11.5063	193.664	-65.065
354	799	-647	8.68	239.593	-75.0663
3	762	-657	13.4488	281.216	-84.315
-249	836	-526	19.9763	275.223	-83.0638
-537	902	-383	23.45	229.731	-70.56
-744	1059	-242	26.8538	140.989	-51.5113
-685	1146	-199	14.0963	25.7513	-15.9863
-563	1026	-277	-4.26125	-79.7038	20.1163
-559	973	-386	-12.285	-165.506	51.275
-374	893	-574	-17.675	-243.618	82.7663
-110	795	-698	-24.3338	-283.868	102.55
145	769	-700	-24.6663	-286.659	107.861
348	863	-637	-24.2988	-271.355	98.9713
509	792	-497	-26.1975	-217.586	85.68
357	770	-371	-13.0725	-148.628	60.9875
314	904	-334	6.20375	-105.35	28.9538
354	938	-354	11.865	-66.99	4.24375
236	931	-357	11.7863	-25.865	-6.20375
125	957	-355	10.7888	0.245	-7.14875
127	970	-365	6.74625	13.0813	-8.2775
110	933	-368	1.98625	25.2263	-10.4913
162	951	-370	0.70875	36.2775	-11.3925
176	893	-377	-0.07	55.335	-18.83
215	907	-382	3.395	76.2913	-30.205
311	856	-409	6.57125	106.199	-43.6188
375	871	-511	11.6463	150.089	-59.7625
291	866	-579	12.8713	203.28	-76.4313
326	908	-726	6.055	251.624	-84.4025
9	742	-752	-5.3025	284.533	-89.1275
-502	784	-509	1.435	278.766	-81.5238
-709	939	-290	12.7225	205.958	-60.48
-874	1045	-158	17.1413	87.7975	-31.1938
-687	1100	-205	9.98375	-52.0363	3.8325
-369	963	-361	-4.50625	-152.653	34.3263
-462	923	-455	-8.05	-213.001	59.7013
-251	886	-620	-11.3138	-269.185	87.7625
-52	837	-686	-17.1763	-286.414	107.879
231	833	-685	-23.17	-284.384	111.948
559	809	-585	-26.0225	-239.741	101.08
375	870	-450	-23.2838	-163.818	72.8613
470	885	-392	-19.88	-108.649	41.0813
386	867	-346	-14.7263	-48.37	17.2638
232	923	-295	-5.915	-1.14625	2.35375
185	956	-282	-1.8025	24.2375	-5.9675
66	932	-260	-0.665	37.1	-9.49375
130	956	-260	2.905	37.0563	-10.6925
173	926	-281	5.43375	46.235	-13.9038
162	939	-297	9.33625	60.1563	-16.345
182	934	-309	10.3775	73.9113	-22.3125
219	912	-332	12.1888	90.405	-30.5638
306	930	-402	14.1925	118.02	-44.1875
392	919	-465	12.1975	160.178	-58.625
317	866	-586	7.04375	216.615	-72.835
29	858	-544	3.36	254.319	-80.045
-97	846	-500	0.77	255.841	-76.9213
-357	831	-386	6.2125	234.386	-67.8475
-566	987	-236	19.2588	175.866	-42.84
-626	1097	-164	20.2125	88.8038	-11.97
-583	1080	-166	8.5225	-8.79375	10.5088
-458	1039	-249	-3.12375	-98.8663	33.1713
-449	965	-346	-12.705	-173.863	55.7025
-272	867	-511	-18.4363	-241.78	74.9788
-155	854	-626	-20.2563	-280.901	87.8763
205	828	-663	-23.3888	-286.606	97.0375
516	760	-587	-22.4175	-263.629	88.55
388	916	-454	-14.3675	-199.334	70.8663
506	865	-396	-13.9125	-141.269	48.1688
423	864	-343	-4.27	-76.7463	32.4975
341	926	-321	6.37	-23.9925	14.35
259	940	-317	9.415	12.9938	-2.66875
192	914	-332	9.19625	35.6475	-13.5013
114	949	-322	9.94875	46.9613	-16.0825
169	945	-325	7.84875	50.54	-18.2438
129	950	-326	6.6325	58.205	-20.9475
196	955	-337	4.9	66.1938	-24.3075
299	911	-360	3.98125	85.8463	-31.3775
289	910	-401	6.8075	120.383	-42.4375
411	893	-469	7.4725	162.059	-56.2538
425	815	-569	10.36	220.824	-64.365
84	764	-624	19.145	274.601	-70.0875
-247	873	-467	30.0475	273.324	-70.4988
-318	889	-383	31.7625	229.53	-64.1638
-571	1007	-245	35.1138	161.875	-48.1338
-653	1142	-168	27.9213	58.6775	-17.36
-548	1068	-234	7.09625	-52.5263	15.1988
-429	984	-356	-6.23	-144.034	43.1025
-306	902	-497	-13.6588	-215.871	66.6138
-32	880	-637	-18.8913	-265.23	78.47
163	876	-640	-25.165	-268.923	76.8425
193	858	-584	-29.82	-249.174	74.6638
381	799	-517	-28.4813	-219.284	72.7913
344	873	-419	-19.4775	-168	61.4513
463	864	-370	-12.3988	-117.46	41.4925
357	877	-339	-2.00375	-57.61	23.0913
257	949	-335	6.265	-13.2475	4.3925
241	947	-344	6.1075	17.9025	-8.9075
105	935	-341	4.76	41.0113	-13.5713
106	971	-332	3.63125	47.3813	-13.0113
148	937	-336	-0.1575	54.4075	-13.5975
177	937	-343	-0.53375	66.605	-18.0688
321	921	-373	0.02625	88.0775	-28.0963
301	879	-411	2.345	128.126	-40.915
310	916	-452	4.34875	167.038	-52.185
241	852	-482	3.9725	204.523	-60.9175
275	818	-587	6.41375	241.124	-69.4925
-119	797	-521	13.2913	268.791	-72.9138
-366	912	-390	22.8725	244.318	-69.5888
-735	1024	-230	23.3975	173.565	-51.765
-671	1092	-146	17.6925	55.5975	-22.0763
-597	1030	-188	6.01125	-53.5675	6.8425
-575	983	-297	1.37375	-149.415	37.905
-216	899	-500	-2.10875	-227.666	63.4725
-197	877	-563	-6.36125	-262.526	73.395
-98	859	-655	-8.70625	-283.413	87.5
122	833	-677	-14.2013	-286.449	98.4463
556	860	-604	-16.8613	-260.12	95.0075
457	855	-466	-16.5113	-175.044	73.6138
478	888	-396	-9.56375	-101.78	45.7713
387	892	-352	-3.325	-36.0763	22.82
197	921	-320	2.47625	8.81125	5.6875
144	945	-316	4.69	26.7925	-3.5525
115	946	-304	3.6925	34.8863	-4.20875
183	933	-312	3.2375	39.7163	-6.2125
244	904	-335	5.4775	54.915	-15.54
263	944	-340	9.65125	77.28	-23.8175
342	915	-389	10.0275	106.243	-33.6
383	870	-435	12.005	146.904	-46.725
430	872	-539	15.3475	198.511	-60.305
210	881	-576	13.5275	249.568	-71.1725
106	847	-591	8.1025	272.466	-77.8225
-238	814	-514	9.56375	274.575	-76.02
-792	1036	-242	15.82	215.259	-51.625
-688	1071	-101	8.96	84.9275	-20.6325
-483	999	-129	1.785	-31.8763	2.24875
-407	945	-211	2.8875	-117.031	26.6788
-260	893	-350	7.53375	-185.824	50.4875
-120	829	-494	11.4275	-234.246	66.5
106	836	-579	16.5463	-256.025	69.1688
185	900	-587	16.5988	-246.374	65.5725
458	895	-582	10.8588	-208.101	60.2875
300	917	-497	7.42	-142.905	48.405
394	931	-471	3.03625	-90.93	32.48
266	879	-439	1.295	-35.4113	15.4613
174	935	-423	3.4475	1.2425	4.2175
175	941	-427	-0.18375	24.6313	-4.94375
176	940	-436	-5.3725	46.1475	-13.7025
218	947	-434	-11.1475	70.1488	-22.12
99	927	-405	-15.8725	92.8375	-27.02
201	961	-438	-18.7863	107.748	-34.23
214	934	-436	-25.9963	135.109	-39.9875
258	982	-482	-33.5913	163.17	-39.5763
220	965	-496	-46.2525	199.194	-44.1875
25	871	-399	-57.19	223.195	-48.3613
-165	789	-253	-50.9863	214.874	-48.9475
-376	829	-84	-29.2075	176.496	-41.7113
-506	934	40	-4.50625	109.235	-29.68
-513	992	57	10.6225	25.3488	-7.86625
-519	989	0	18.2175	-59.3075	16.0213
-466	920	-122	24.7275	-141.47	35.1313
-120	893	-315	34.2913	-208.609	49.7
-56	880	-405	39.2788	-232.89	56.6475
58	897	-493	39.8125	-245.271	57.6275
215	926	-516	35.14	-239.418	59.8325
305	921	-513	26.5738	-206.483	57.3825
326	985	-481	18.8038	-160.361	50.5663
327	958	-440	7.4375	-111.825	40.0488
287	949	-419	0.77875	-66.6488	27.4225
208	925	-377	-2.765	-28.1663	16.9138
176	910	-362	-1.51375	-4.54125	9.75625
165	923	-364	0.30625	11.9963	2.42375
174	930	-361	-0.3325	25.1475	-5.18875
207	908	-371	-1.30375	39.8038	-15.1025
243	908	-383	0.0875	59.43	-25.3925
264	812	-409	3.40375	85.9425	-33.74
387	888	-444	15.5488	122.491	-44.4063
122	878	-444	18.1213	166.014	-60.5238
390	888	-551	17.9725	187.381	-72.8263
337	788	-684	16.8963	241.203	-79.5638
-6	767	-670	21.4725	280.228	-78.4963
-351	858	-541	27.265	264.714	-74.8038
-676	1017	-371	26.0575	192.054	-62.055
-564	1190	-265	8.5575	75.9588	-38.2375
-377	1022	-273	-22.2775	-21.6563	-13.3
-226	950	-289	-28.0263	-84.7175	9.905
-348	940	-307	-23.1088	-124.819	31.0625
-174	912	-389	-18.41	-174.195	50.7325
-151	840	-437	-15.8288	-206.22	63.595
5	831	-510	-9.45875	-232.444	68.8713
156	879	-537	-5.78375	-234.264	66.1938
294	926	-486	-8.16375	-209.554	59.4388
442	844	-436	-10.2638	-162.566	48.7375
291	909	-377	-1.74125	-101.054	31.8675
240	979	-352	0.98	-58.975	17.15
244	932	-351	-2.33625	-24.9463	7.11375
138	928	-325	-1.14625	4.48875	-0.315
118	932	-314	0.79625	19.67	-6.39625
127	913	-324	2.695	31.9375	-9.905
132	937	-328	6.0375	44.485	-13.7988
179	932	-347	6.37875	59.0275	-20.685
273	923	-389	6.95625	82.0138	-30.625
389	943	-461	4.45375	122.946	-45.4388
371	883	-526	-1.9775	178.386	-56.5513
195	782	-583	-1.33	231.061	-63.0963
-91	798	-509	10.0713	252.053	-65.9925
-344	874	-410	19.635	229.408	-63.0088
-527	963	-297	24.675	166.941	-47.8188
-569	1072	-213	22.2513	77.3938	-28.28
-514	1041	-234	9.63375	-16.7825	-7.455
-447	1019	-314	0.77875	-99.295	19.7838
-335	947	-419	-6.44875	-165.655	46.8475
-293	865	-509	-10.1413	-216.72	68.215
20	902	-612	-12.0925	-251.274	81.865
76	865	-574	-19.1188	-244.423	85.1113
352	826	-525	-20.6413	-222.189	77.1138
373	839	-438	-14.28	-166.775	62.4488
295	917	-380	-7.35875	-114.608	40.5738
314	936	-344	-6.06375	-70.105	22.085
191	902	-322	-3.56125	-29.0325	12.0663
167	951	-318	1.785	-3.7625	3.12375
131	951	-317	1.4875	16.345	-5.88875
64	938	-312	0.65625	29.085	-10.6663
94	960	-321	0.67375	34.1075	-11.97
121	944	-323	-0.91	43.0938	-15.7063
219	942	-337	-1.96875	58.6163	-22.085
384	892	-378	-1.225	91.5775	-34.5975
381	842	-467	3.92875	151.191	-54.705
212	875	-504	10.0363	204.523	-68.845
76	823	-570	9.555	239.496	-76.5713
-157	816	-509	15.4438	249.139	-73.0275
-409	892	-415	23.94	223.353	-60.3313
-644	1027	-299	27.7725	155.488	-33.6088
-638	1095	-229	19.075	55.2038	-8.86375
-621	1035	-264	1.91625	-47.7138	12.2588
-512	1011	-377	-7.77875	-143.386	42.1663
-342	903	-534	-18.6375	-220.246	71.1288
-89	869	-630	-25.5763	-266.21	81.8825
115	858	-625	-30.4588	-274.768	88.4625
416	794	-555	-33.6	-246.54	87.71
328	861	-421	-24.5175	-184.118	74.6288
401	900	-356	-18.6463	-132.781	49.6913
361	864	-300	-11.865	-78.89	27.615
257	914	-283	0.07	-32.2088	11.515
185	963	-281	5.88	-0.77	-0.805
183	952	-291	5.7925	21.0525	-8.75
136	929	-298	6.20375	40.2675	-14.7613
102	972	-290	7.665	51.555	-17.1063
152	940	-297	6.01125	60.8913	-20.1775
271	899	-308	9.24	78.8725	-27.2563
307	850	-385	16.1613	115.903	-41.7813
342	885	-465	24.3075	159.565	-59.8063
220	831	-550	25.6638	209.554	-73.3425
68	842	-589	29.1638	241.168	-76.4225
-112	869	-575	30.7913	247.791	-71.47
-373	892	-496	30.45	223.755	-58.7738
-570	1066	-327	27.93	154.193	-43.0325
-588	1118	-263	6.88625	55.0288	-21.7525
-506	1010	-292	-14.07	-42.7	0.385
-346	993	-369	-21.4638	-119.508	26.9938
-288	929	-435	-27.055	-172.953	52.01
-253	885	-495	-28.875	-217.263	69.0725
-25	880	-568	-31.395	-249.568	83.2213
216	839	-537	-34.0113	-247.083	85.8813
374	813	-452	-30.3538	-209.458	76.0988
364	893	-376	-21.1663	-159.723	57.6713
384	871	-316	-14.455	-108.351	34.44
285	919	-286	-5.11875	-60.48	13.6588
270	935	-280	0.65625	-24.2288	-0.32375
166	947	-274	3.96375	8.2075	-8.12
103	953	-279	6.23	26.3113	-11.4538
143	958	-290	7.20125	37.66	-12.1188
142	921	-302	8.46125	53.5588	-15.9688
132	967	-318	10.8588	68.2063	-22.1988
185	919	-340	9.16125	83.895	-29.8025
144	897	-361	11.48	105.088	-39.0863
354	981	-415	11.9175	128.774	-46.4363
305	805	-513	7.20125	183.689	-53.3225
133	894	-522	15.8113	225.356	-58.8438
-68	806	-539	17.0188	244.816	-65.835
-428	936	-411	23.7913	224.779	-58.5113
-536	1058	-282	19.5475	151.104	-36.3388
-539	1020	-223	6.755	60.5675	-22.9075
-473	1024	-232	0.315	-28.2888	-3.675
-514	1010	-287	-5.62625	-107.599	26.1275
-241	939	-428	-11.1563	-177.87	50.4525
-202	914	-484	-16.555	-215.224	64.3563
-110	871	-536	-21.1663	-245.131	76.685
118	872	-569	-22.5838	-255.378	83.405
372	827	-497	-24.9463	-232.82	77.8225
472	804	-396	-15.3475	-173.863	62.965
332	923	-351	-1.9075	-110.565	39.3575
398	945	-326	1.6275	-60.6463	17.1238
274	918	-316	3.63125	-9.8875	3.3425
186	946	-315	7.2275	22.8113	-7.02625
215	951	-330	7.20125	45.64	-14.3413
150	934	-325	6.3	66.605	-20.1513
265	947	-354	5.39875	83.825	-27.4488
230	886	-370	4.725	115.92	-38.3338
206	928	-396	8.05	142.24	-47.1275
270	860	-458	8.61	171.701	-58.1263
306	857	-548	13.6413	212.231	-64.8638
131	815	-641	15.155	258.694	-69.3613
-532	894	-460	19.9675	263.401	-65.6863
-689	1062	-246	18.97	172.235	-41.8075
-524	1040	-200	6.25625	60.5938	-20.0463
-401	1000	-214	-1.77625	-27.4925	1.33875
-320	985	-275	-4.4625	-94.5088	25.1738
-210	939	-353	-5.6525	-143.456	50.2075
-215	900	-421	-6.92125	-180.968	66.22
-134	893	-495	-9.7475	-217.333	71.715
75	863	-558	-12.355	-239.575	78.4
284	895	-540	-15.5138	-226.783	76.7813
313	903	-476	-20.6413	-190.05	67.34
488	830	-401	-20.7288	-144.603	54.285
338	859	-339	-8.5575	-83.9825	32.4625
296	955	-336	1.2775	-41.6588	12.6088
239	946	-329	0.9975	-8.0675	-0.72625
199	936	-321	0.44625	16.5375	-8.28625
221	928	-329	1.435	37.0388	-13.5363
229	903	-342	3.85	61.5563	-21.3763
268	931	-353	7.34125	85.5575	-31.0013
204	889	-384	8.1375	115.063	-42.8225
215	916	-391	10.2113	135.485	-50.9863
208	873	-454	8.91625	161.613	-58.2838
238	923	-482	10.2375	188.064	-63.5163
146	802	-552	7.0875	222.259	-69.16
-92	824	-483	16.8963	236.451	-69.2388
-323	862	-414	25.5588	216.685	-63.07
-614	1047	-287	31.5	154.866	-44.38
-655	1156	-219	17.2812	51.4938	-14.6475
-482	1022	-271	-6.09	-52.255	13.3788
-389	958	-346	-14.07	-129.99	37.0475
-221	911	-436	-15.7763	-188.825	59.36
-40	851	-517	-16.31	-221.935	71.3563
94	843	-524	-13.0988	-228.384	74.41
84	896	-504	-12.145	-217.901	78.8463
295	951	-508	-18.9175	-199.789	78.085
332	882	-431	-26.8013	-157.483	66.6575
453	835	-364	-22.6538	-110.819	50.4088
371	868	-323	-10.08	-56	29.9688
318	915	-304	-0.51625	-12.8888	8.3475
245	921	-306	3.26375	20.5363	-7.8225
154	938	-308	5.87125	40.7575	-14.0963
140	972	-300	5.38125	48.0288	-15.96
207	933	-317	2.17	57.05	-20.8863
336	926	-351	3.61375	78.5138	-28.1225
376	890	-403	5.57375	121.923	-41.65
328	895	-437	8.25125	169.068	-54.1538
220	812	-506	9.24	210.683	-66.99
81	820	-486	18.935	234.596	-71.8113
-136	835	-449	26.985	236.355	-67.6113
-396	930	-371	36.2863	203.131	-54.8013
-598	1081	-259	36.1988	129.299	-37.3363
-569	1140	-227	16.6863	26.1713	-11.2875
-361	1007	-288	-5.43375	-65.2313	12.3375
-240	949	-350	-11.6025	-123.865	27.8163
-211	932	-390	-11.34	-165.13	47.8363
-104	887	-468	-12.7313	-197.768	62.5538
-14	900	-498	-13.7025	-216.37	74.3313
91	899	-505	-18.9438	-218.531	77.0963
165	896	-481	-23.8788	-206.868	74.1388
374	870	-434	-24.815	-181.93	68.845
504	834	-368	-17.675	-127.488	56.0963
315	903	-314	-5.73125	-65.3538	32.13
259	941	-300	-0.105	-29.4613	12.4688
206	935	-299	0.60375	-6.09	2.51125
177	949	-295	0.6125	9.45875	-3.0275
213	940	-299	0	23.7738	-8.6275
167	918	-296	1.4875	39.7163	-13.86
197	939	-304	5.215	52.0538	-20.8688
224	914	-309	7.35	68.2238	-29.7763
237	888	-328	10.955	90.3	-39.2263
349	874	-379	17.08	119.761	-48.02
331	811	-471	25.305	167.414	-56.7963
141	846	-496	38.0713	207.323	-61.39
90	820	-559	43.47	226.835	-70.5163
-182	896	-540	48.7288	230.256	-75.7925
-480	1086	-417	40.0663	185.946	-55.37
-550	1108	-319	12.3288	96.5825	-28.2275
-447	1000	-297	-10.1938	0.4725	-11.8825
-295	994	-327	-17.0888	-75.9675	9.21375
-243	962	-382	-22.225	-127.059	35.2013
-183	910	-429	-25.69	-168.149	54.6788
-41	860	-479	-26.3813	-197.024	65.9225
-36	890	-471	-23.3538	-207.734	77.14
116	867	-496	-26.0225	-211.61	84.1575
290	844	-476	-24.6838	-196.009	78.6188
323	893	-417	-20.5975	-159.408	65.8263
453	874	-379	-17.8763	-118.064	49.525
462	829	-330	-9.3975	-60.0513	25.55
269	894	-307	3.89375	-8.855	2.7825
209	940	-323	10.2725	16.8613	-9.9225
186	964	-329	9.0825	32.6638	-16.4413
223	922	-332	6.02	46.9438	-22.715
219	899	-344	7.8925	66.2113	-31.1325
238	913	-361	11.4625	86.9925	-41.37
265	874	-407	13.4138	114.301	-50.8725
232	884	-436	17.8763	144.471	-57.1463
260	876	-528	18.2438	177.931	-65.2488
35	855	-509	18.83	207.121	-69.8513
-38	894	-482	18.515	209.073	-70.98
-347	897	-419	16.8613	190.216	-63.6825
-506	1019	-309	17.115	127.444	-42.1488
-477	1068	-250	6.67625	43.8813	-24.7275
-316	1021	-277	-6.5975	-32.515	2.7125
-275	980	-321	-14.5513	-85.2688	22.2863
-259	960	-359	-18.5763	-129.474	39.7688
-194	906	-397	-21.875	-168.726	55.4838
-115	856	-451	-20.72	-200.113	68.7313
-5	910	-491	-17.6138	-217.779	79.7913
162	898	-490	-23.6163	-217.114	80.9638
262	872	-445	-26.5825	-194.049	74.9788
261	914	-397	-25.7338	-162.82	63.5513
413	900	-354	-24.605	-128.039	45.57
409	885	-309	-19.18	-77.2538	26.74
348	877	-283	-9.31875	-28.455	7.735
298	918	-270	-0.04375	11.8563	-8.6975
195	924	-277	5.5125	41.9038	-17.4125
164	941	-284	10.5	60.2438	-19.7138
148	928	-285	13.4838	72.7825	-21.945
177	936	-302	15.8638	83.86	-28.4813
235	912	-331	17.5438	100.993	-37.5025
286	896	-398	20.9388	128.643	-46.7775
266	877	-445	24.6488	167.055	-56.105
231	877	-510	26.8975	203.438	-61.3638
66	814	-557	28.7613	233.021	-66.0538
-69	855	-510	35.56	237.676	-66.3425
-314	890	-454	40.145	217.578	-59.9725
-591	1074	-329	40.3638	153.781	-43.4
-574	1169	-276	18.3663	48.2213	-18.375
-399	1032	-316	-11.0513	-49.63	5.6175
-278	976	-380	-22.2075	-116.909	28.6738
-177	929	-422	-25.69	-162.085	56.0963
-71	867	-462	-27.5538	-189.735	74.935
19	840	-491	-26.1363	-205.564	80.5525
111	889	-482	-24.2988	-207.358	80.1763
154	876	-479	-27.6675	-198.52	73.9463
225	908	-455	-29.435	-184.818	65.7475
321	890	-414	-31.9288	-160.921	57.0063
391	892	-370	-29.4963	-124.539	45.71
373	896	-320	-23.835	-79.0913	30.2488
413	865	-286	-14.6913	-35.1138	11.5588
304	882	-272	-2.8525	8.33875	-7.4025
263	911	-283	6.22125	37.7125	-21
267	897	-298	12.7138	64.0413	-29.6363
242	916	-320	20.1075	89.915	-38.5438
244	909	-356	23.9225	115.29	-50.8813
323	887	-436	25.1738	146.519	-63.035
207	846	-490	27.5975	188.046	-72.45
129	879	-542	29.3213	216.773	-76.3263
-45	838	-542	29.6363	230.073	-72.2663
-167	958	-502	31.6225	216.729	-45.255
-343	990	-413	24.2988	179.471	-21.665
-380	1014	-317	16.0125	115.561	-20.4313
-372	1038	-272	4.83875	40.0138	-17.5875
-316	1023	-278	-7.04375	-33.4863	-0.58625
-338	986	-325	-15.68	-95.4188	20.755
-212	943	-404	-20.2388	-154.131	38.9725
-93	889	-468	-22.8813	-192.605	51.7388
17	886	-497	-23.5113	-213.01	62.23
74	888	-506	-25.3488	-216.65	67.795
147	908	-491	-28.7613	-209.195	69.09
317	915	-452	-32.41	-185.5	66.0013
352	870	-384	-32.3575	-141.461	55.5888
446	868	-317	-23.625	-93.0563	39.34
350	855	-274	-10.9025	-39.0688	19.1363
255	924	-271	2.14375	0.28875	1.54875
227	930	-283	6.9825	26.075	-10.1763
182	920	-290	10.185	46.4625	-16.38
173	929	-298	13.86	60.76	-21.4288
213	919	-308	16.5813	75.1188	-27.6413
222	872	-331	21.3675	96.0488	-34.405
233	878	-374	30.24	121.783	-39.69
253	902	-443	36.82	149.993	-44.065
154	870	-481	39.4625	178.08	-48.1775
186	868	-530	42.5338	195.099	-52.1063
11	833	-539	45.0625	208.408	-55.3613
-165	933	-482	47.565	192.658	-54.8188
-364	1039	-397	37.5113	141.628	-47.04
-353	1097	-344	14.7175	62.72	-30.7125
-286	1001	-339	-10.1325	-13.7375	-12.39
-149	918	-346	-19.0663	-70.5775	7.315
-76	919	-362	-13.8513	-99.8813	27.8775
-141	941	-418	-10.675	-116.646	49.455
-167	937	-465	-15.75	-149.328	69.9388
-76	877	-520	-25.34	-184.59	78.3125
59	874	-575	-31.5875	-208.653	81.9525
156	889	-573	-39.48	-211.164	76.5625
239	884	-529	-45.7275	-197.243	70.875
395	861	-460	-47.7663	-169.33	65.0563
580	746	-374	-39.2088	-115.553	47.2325
375	829	-305	-15.2425	-48.6763	18.8913
339	922	-306	1.2425	-6.335	-6.13375
252	903	-324	6.29125	27.1163	-21.805
188	910	-331	11.4188	50.2338	-27.5713
229	936	-353	14	67.7775	-30.0563
186	903	-370	14.2888	89.5913	-35.1838
244	922	-389	16.2225	108.133	-43.6625
282	854	-449	16.8525	138.206	-54.6438
298	857	-492	22.1288	173.705	-61.9763
129	793	-536	26.6088	209.073	-67.9613
24	809	-517	36.4788	219.721	-69.8688
-115	842	-506	45.1675	213.535	-67.3313
-357	983	-449	48.1688	182.814	-55.8863
-516	1128	-363	33.6613	110.25	-35.8575
-410	1089	-350	3.00125	17.6575	-13.6588
-270	955	-362	-17.3688	-56.4375	4.38375
-252	947	-392	-21.3675	-107.258	22.5488
-272	944	-435	-22.8725	-154.07	46.375
-128	898	-513	-27.755	-195.405	65.275
-28	851	-546	-31.045	-217.761	76.4575
48	874	-540	-32.3575	-223.528	82.3725
252	865	-523	-34.9038	-212.844	81.0338
279	861	-450	-33.6263	-175.989	71.8025
305	892	-394	-29.47	-139.081	57.3388
411	870	-342	-24.2988	-98.735	39.3488
367	856	-305	-13.7113	-48.0988	21.0438
292	896	-286	-0.4375	-4.45375	3.045
261	911	-299	7.72625	28	-11.1038
227	909	-321	13.8338	55.2825	-21.14
192	921	-329	18.62	77.3763	-28.4988
258	917	-363	20.4488	97.8775	-36.2338
206	864	-407	23.8613	126.691	-46.5238
181	911	-432	28.735	149.835	-55.405
151	879	-469	26.5213	169.636	-63.3413
138	852	-512	27.09	187.513	-67.235
34	866	-508	29.4525	200.953	-65.835
-106	876	-493	31.4825	197.724	-58.6338
-320	981	-415	33.145	166.346	-43.5925
-438	1085	-339	21.4725	99.0238	-23.87
-459	1071	-319	-1.84625	13.8688	-4.97
-335	997	-344	-21.3763	-68.74	8.54875
-306	924	-388	-28.0613	-130.2	29.2163
-232	931	-460	-26.8888	-183.26	57.4175
-207	872	-550	-31.885	-227.176	80.29
1	898	-604	-38.15	-255.868	88.3225
239	850	-590	-46.8038	-254.511	88.8825
441	812	-485	-45.3688	-215.39	80.745
362	874	-384	-35.9275	-158.83	60.3138
437	896	-328	-28.1138	-108.824	35.1838
374	860	-284	-19.18	-56.5688	17.7625
307	892	-261	-5.3725	-12.5213	4.7075
221	934	-256	3.35125	20.1688	-6.0375
170	940	-265	7.3675	39.5588	-11.9
177	945	-269	10.6925	52.1238	-14.6475
194	919	-282	14.6125	66.2025	-19.985
263	939	-314	19.2238	86.17	-30.8438
280	943	-375	18.8388	118.151	-44.975
337	913	-443	16.0913	156.083	-56.0088
228	853	-497	16.3013	201.495	-57.9513
113	874	-497	21.6475	227.789	-52.78
-84	847	-478	25.9875	234.745	-51.1088
-313	964	-367	31.8413	205.879	-41.5363
-397	1010	-268	27.6413	140.709	-24.4825
-422	1036	-221	19.985	61.6963	-15.4263
-382	1043	-233	9.58125	-20.9825	1.1025
-379	1027	-296	-2.6075	-97.685	22.9163
-328	954	-415	-13.7025	-170.38	48.2825
-75	915	-528	-21.5338	-225.111	64.9513
46	894	-572	-28.1663	-243.898	74.0688
148	908	-572	-35.1488	-242.016	78.4525
454	837	-505	-40.495	-219.966	79.415
481	814	-389	-32.865	-156.669	68.0488
401	905	-330	-20.0813	-96.4075	41.825
391	896	-298	-13.7638	-49.105	18.2525
278	896	-281	-6.5275	-8.70625	3.61375
253	943	-275	-0.37625	16.8525	-6.125
231	915	-275	2.1	38.7538	-15.9338
201	925	-284	7.7875	55.72	-22.0413
297	908	-307	12.7575	74.6288	-28.8488
295	891	-335	19.215	105.035	-38.5088
327	875	-420	25.2875	141.041	-52.2813
258	877	-456	30.7125	179.996	-62.7025
191	886	-529	30.7913	210.166	-68.1625
41	833	-543	29.0063	230.318	-70.9363
-183	865	-470	33.2675	223.545	-62.8075
-396	977	-371	36.2425	179.288	-44.0913
-474	1135	-265	26.95	101.99	-21.6125
-453	1063	-253	2.70375	13.1513	-6.09875
-338	1002	-298	-10.8413	-67.9875	11.8475
-292	972	-350	-17.6663	-131.906	33.0312
-202	879	-425	-21.4375	-182.998	49.4813
-63	847	-506	-17.2638	-219.818	63.7788
77	909	-541	-15.3913	-232.041	72.6075
188	888	-532	-22.4963	-220.876	73.5088
249	912	-478	-25.3488	-193.436	70.8663
359	889	-427	-27.6063	-158.174	64.5575
414	862	-365	-23.9225	-108.15	52.1325
336	869	-315	-13.23	-56.735	34.4225
304	894	-304	-2.4325	-19.1363	15.7588
247	933	-298	2.8	8.75	-1.23375
211	938	-304	3.3075	27.6763	-12.5388
238	912	-311	4.55875	44.1438	-19.6438
225	892	-316	9.9225	64.3125	-26.8013
287	903	-348	16.205	86.695	-36.1988
333	907	-399	20.545	118.073	-45.5963
428	861	-520	22.3738	164.929	-58.6425
87	846	-528	26.2938	215.486	-65.2575
-15	914	-486	28.385	221.41	-64.2775
-100	851	-465	26.3988	210.201	-62.6413
-173	962	-395	29.1463	181.983	-51.555
-296	1004	-339	20.9038	136.798	-33.74
-353	1040	-279	10.92	72.5375	-16.6775
-292	1052	-272	-2.9575	2.19625	0.09625
-280	1009	-298	-16.4413	-57.7413	15.2163
-265	980	-342	-23.9488	-114.748	32.3663
-108	924	-400	-29.155	-162.969	48.5275
-95	884	-431	-30.6075	-194.635	60.6813
63	879	-478	-29.4	-217.954	69.4663
294	877	-492	-30.345	-214.401	69.0113
284	899	-431	-30.7563	-182.578	60.8913
279	914	-376	-31.3513	-152.495	52.675
327	912	-341	-30.2225	-124.495	43.435
366	924	-311	-26.915	-89.705	35.7088
326	903	-269	-22.3388	-51.66	27.9388
362	874	-245	-13.7113	-19.2588	13.9475
370	894	-239	-2.73875	15.0938	-5.11
324	890	-261	5.71375	48.5363	-22.9075
325	901	-278	14.98	77.5338	-32.2438
394	841	-331	24.1413	112.954	-41.4663
387	891	-403	36.4	156.914	-55.4925
432	799	-542	42.0525	209.344	-72.3888
123	827	-604	50.505	259.709	-80.2288
-73	891	-582	52.7538	266.28	-73.2025
-243	918	-513	49.0963	241.028	-51.2313
-423	1009	-394	45.8938	190.041	-42.7
-589	1135	-272	31.6575	104.466	-32.305
-409	1112	-276	4.41875	-0.60375	-8.00625
-254	994	-327	-16.975	-78.8463	12.3463
-194	948	-368	-25.0425	-130.594	29.085
-125	909	-409	-26.8363	-171.168	44.8088
-67	844	-472	-24.9813	-202.055	57.9775
93	880	-509	-19.1888	-218.829	65.4062
222	874	-491	-19.8625	-209.256	60.095
189	913	-453	-19.2938	-184.354	53.5675
240	933	-422	-21.63	-160.151	48.2475
325	908	-374	-23.2488	-127.864	43.435
272	881	-342	-18.9525	-88.4888	32.8738
298	926	-321	-11.2088	-53.9175	18.6725
264	913	-300	-7.46375	-19.1713	6.8425
250	917	-301	-2.1	10.1325	-3.91125
261	898	-307	3.29	38.4475	-16.5988
286	899	-335	10.1413	69.6325	-28.4288
327	893	-376	16.485	105.621	-41.0638
380	848	-467	21.6825	152.093	-54.53
197	849	-515	28.9713	201.819	-65.4588
119	856	-554	31.6313	228.533	-72.38
-30	805	-559	33.705	240.45	-76.055
-121	858	-526	39.3313	232.286	-74.2088
-299	921	-487	41.1775	205.398	-65.2838
-514	1127	-386	32.0338	145.233	-42.9888
-612	1074	-314	3.9375	48.5888	-13.9563
-358	981	-326	-12.95	-49.1575	3.84125
-279	957	-376	-17.9988	-109.244	24.6575
-222	918	-421	-19.5038	-154.123	53.865
-111	870	-474	-20.93	-188.256	67.9525
19	871	-507	-19.6175	-205.564	74.8475
75	881	-508	-22.2775	-204.601	74.6463
128	893	-501	-24.8588	-195.388	76.7813
209	912	-463	-27.9913	-177.196	72.5813
287	893	-418	-30.59	-150.666	63.3238
385	857	-364	-27.4488	-113.033	50.5488
314	869	-316	-17.885	-67.9438	34.195
278	901	-298	-7.67375	-34.0725	16.9925
257	915	-296	-1.14625	-7.42	3.68375
245	929	-302	2.45875	16.0738	-6.895
234	907	-311	4.9	38.0363	-15.9075
232	918	-320	10.1238	59.0713	-22.7763
202	900	-336	14.7875	81.8913	-33.145
130	949	-331	17.815	97.265	-40.5475
167	900	-361	15.7413	107.118	-45.5175
105	895	-362	18.1038	119.936	-52.6138
201	919	-397	18.6725	130.699	-58.4675
242	848	-476	18.6025	157.071	-64.1988
131	854	-510	23.2838	190.838	-66.7363
-62	859	-478	26.9238	203.508	-65.6425
-176	880	-458	29.9425	189.691	-60.0863
-366	968	-383	31.5088	152.609	-48.2563
-460	1070	-319	22.89	86.1175	-29.365
-440	1041	-309	5.13625	5.705	-6.44875
-304	995	-354	-8.30375	-64.575	12.8188
-326	953	-393	-15.1288	-115.246	35.9363
-254	914	-442	-18.3925	-164.745	59.7888
-101	839	-516	-19.9413	-200.865	74.375
35	883	-544	-18.7513	-214.751	78.995
82	913	-531	-24.5	-210.779	76.5538
174	894	-506	-30.8088	-196.656	72.2488
193	891	-438	-33.1538	-169.558	67.34
215	902	-393	-32.83	-142.065	61.1363
313	906	-354	-30.9313	-112.455	47.3463
411	869	-304	-25.1388	-70.5338	31.0538
399	845	-275	-11.655	-18.5238	11.41
339	882	-278	2.31	31.3513	-13.3788
262	892	-307	14.14	72.7563	-30.6688
191	935	-328	22.365	103.25	-39.5763
94	921	-354	24.3338	124.635	-43.2425
-12	945	-346	25.4538	130.812	-40.1363
-28	967	-346	22.9425	123.419	-34.0725
-97	947	-328	19.0925	110.163	-28.9975
