A_X [mg] 	 A_Y [mg] 	 A_Z [mg] 	G_X [dps] 	 G_Y [dps] 	 G_Z [dps] 
145	942	-285	-0.41125	0.95375	1.91625
144	947	-283	-0.2275	1.18125	2.485
147	951	-280	-0.28875	0.90125	1.67125
138	937	-279	0.67375	0.49875	-0.14875
138	938	-281	2.21375	0.07875	-0.5075
146	940	-283	2.415	0.14	1.74125
148	937	-288	1.7675	0.49875	3.7275
156	951	-293	1.8375	0.595	3.7275
151	954	-290	1.35625	1.2075	1.88125
146	935	-289	1.3825	1.07625	0.79625
164	923	-291	3.42125	0.315	0.76125
201	934	-291	5.2675	2.26625	1.30375
193	918	-288	5.87125	6.41375	1.12
179	895	-299	7.525	7.18375	-0.175
174	922	-307	10.0713	5.635	-3.01
175	924	-317	9.66875	5.0225	-6.16
158	926	-328	8.72375	5.6	-7.37625
155	962	-327	6.58	5.25	-7.7175
141	926	-318	2.42375	5.71375	-9.07375
146	924	-317	1.8025	5.46875	-6.6675
122	926	-318	2.17875	4.40125	-4.305
140	920	-331	2.5725	1.53125	-4.05125
135	937	-333	3.85	0.0175	-2.94
145	940	-343	2.14375	-0.49	-1.785
134	945	-331	1.25125	0.2975	-3.0975
137	933	-325	0.13125	1.33	-4.2
124	911	-329	0.49875	2.35375	-0.11375
135	932	-332	2.00375	1.295	1.32125
145	916	-336	1.12875	1.02375	1.54
141	924	-337	1.925	1.26875	0.13125
137	933	-335	1.86375	2.07375	-2.6425
126	927	-331	1.4	3.0975	-3.26375
123	930	-332	1.505	3.115	-1.4175
112	941	-332	1.33	1.58375	0.35875
125	936	-335	0.4025	-0.91875	0.3325
130	947	-328	-0.69125	-1.5225	0.945
122	943	-316	-2.345	-1.68875	0.93625
122	915	-311	-2.3275	-2.4675	1.4175
132	918	-313	0.49	-3.2025	2.695
146	931	-319	2.00375	-2.9925	3.28125
143	918	-327	2.28375	-2.1525	2.5025
141	932	-332	3.5875	-2.05625	1.23375
132	935	-340	2.82625	-2.37125	0.4375
132	935	-341	1.26	-3.12375	-0.25375
132	924	-339	-0.30625	-3.22	-0.46375
139	926	-338	-0.4725	-3.5	-0.25375
140	925	-336	-0.83125	-2.8875	-0.42
142	919	-336	-0.62125	-1.53125	-0.95375
135	932	-335	0.07875	0.175	-0.525
126	929	-330	-0.1925	0.77	-0.76125
123	929	-330	-0.25375	0.27125	-0.97125
129	932	-328	-0.1925	-0.0525	-0.175
130	930	-325	-0.37625	0.0875	0.4725
125	928	-325	-0.245	-0.28875	0.14875
128	928	-324	0.21875	-1.085	0.4375
130	926	-324	0.665	-1.54875	0.595
134	925	-328	1.2775	-1.28625	0.65625
135	928	-329	1.82875	-0.37625	1.155
135	930	-334	1.6275	0.2275	1.505
126	932	-336	1.82875	0.07	1.225
131	929	-338	1.4525	-0.58625	0.5425
135	928	-337	0.6475	-0.56875	1.32125
138	927	-334	0.105	-0.245	1.19875
135	927	-332	-0.0175	0.06125	0.21
134	925	-331	0.18375	0.035	0.245
130	925	-333	0.74375	-0.4375	1.04125
133	929	-335	1.05875	-0.81375	1.32125
134	924	-336	0.93625	-0.9975	1.2075
135	927	-336	1.0675	-1.3125	1.04125
136	927	-337	1.0325	-1.4	1.23375
140	920	-335	1.015	-1.505	0.70875
146	918	-335	1.54875	-1.26875	-0.77875
135	925	-340	2.205	-0.035	-1.63625
129	933	-342	2.03875	1.0675	-0.7175
131	929	-341	1.11125	1.435	0.49
135	932	-339	0.525	1.07625	0.97125
133	926	-338	-0.2625	0.69125	0.245
129	925	-338	0.2275	-0.07	-0.5775
133	928	-340	0.53375	-0.5425	-0.37625
136	925	-338	0.18375	-0.3675	0.8225
139	921	-336	0.04375	0.105	1.19875
137	921	-334	0.4375	0.385	0.62125
140	924	-336	0.805	0.39375	-0.06125
127	927	-338	1.19875	0.13125	-0.44625
132	931	-341	1.05875	-0.91875	-0.4375
131	928	-342	0.28	-0.98	0.315
133	925	-339	0.175	-0.98875	0.8925
132	924	-339	0.2625	-1.19	1.12
133	926	-338	0.30625	-1.75875	1.085
140	922	-338	0.27125	-2.0125	0.4375
134	926	-338	0.35	-1.7325	-0.4725
132	925	-337	0.23625	-2.02125	-0.39375
141	922	-340	0.2275	-2.17875	0.44625
140	925	-340	0.5075	-1.26	0.67375
136	926	-342	0.105	-0.65625	0.14875
135	928	-343	0.035	-0.63875	0.04375
132	927	-341	-0.13125	-0.315	-0.1925
130	926	-338	-0.245	-0.04375	0.07
127	924	-336	-0.4025	0.1575	0.63
132	926	-337	-0.1225	-0.35	1.09375
138	928	-337	-0.1575	-0.14875	1.75
133	923	-335	-0.245	0.0175	1.33
132	929	-335	0.035	-0.58625	0.16625
131	925	-335	0	-0.8925	-0.06125
137	925	-335	0.23625	-1.28625	0.5075
136	927	-336	0.3325	-0.91875	0.84875
144	929	-337	0.2275	-0.42	0.77
137	926	-335	-0.18375	0.60375	0.4025
132	925	-331	-0.16625	0.42875	0.2625
136	920	-331	0.2275	-0.34125	0.55125
139	923	-333	1.00625	-0.665	0.6475
140	927	-335	1.3125	-0.525	0.56
137	927	-337	0.8925	-0.315	0.09625
137	932	-340	0.98	-0.62125	0.02625
136	929	-340	0.7175	-0.28	0.34125
134	923	-337	0.35	0.0525	0.4725
137	923	-336	0.0875	-0.06125	0.48125
140	924	-335	0.00875	0.02625	0.53375
141	924	-334	0.23625	0.20125	0.11375
135	927	-336	0.5425	0.39375	-0.30625
129	928	-336	0.5075	0.28	-0.62125
132	927	-338	0.385	-0.20125	0.16625
135	927	-337	0.30625	-0.32375	0.91
138	926	-336	0.35	-0.4025	1.155
144	927	-335	0.32375	-0.39375	1.26
144	921	-332	0.1925	0.0875	0.67375
139	925	-333	0.63875	0.49875	0.06125
137	928	-336	0.84875	0.65625	0.25375
139	924	-336	0.79625	0.60375	0.53375
138	927	-338	0.88375	0.455	0.65625
140	928	-338	0.2275	0.20125	0.665
139	928	-337	-0.1225	-0.1925	0.6125
139	927	-337	-0.3325	-0.21	0.14
142	926	-335	-0.42875	0.175	0.00875
137	927	-334	-0.42875	0.97125	0.525
135	926	-332	-0.175	0.98	1.015
137	927	-332	-0.09625	0.455	1.16375
141	925	-332	0.0175	-0.07875	1.3125
145	927	-332	0.09625	-0.2275	1.435
144	925	-332	0.035	-0.30625	1.25125
149	923	-331	0.28875	-0.65625	1.0325
152	921	-332	0.56875	-0.41125	0.81375
148	925	-333	0.72625	-0.11375	0.2275
148	930	-334	0.44625	-0.14	-0.105
146	929	-334	-0.04375	0.07	0.09625
142	927	-332	-0.21875	0.315	0.3325
144	926	-331	-0.28	0.2625	0.6125
145	926	-328	-0.35	0.3325	0.86625
145	925	-328	-0.28875	0.1925	0.70875
140	929	-330	0.32375	-0.2625	0.55125
139	926	-329	0.595	-0.74375	0.385
148	926	-330	0.56875	-0.9975	0.98
150	928	-332	0.2975	-0.07875	0.945
144	929	-330	0.30625	0.70875	0.175
140	929	-329	0.14	0.42	0.1925
144	928	-329	0	-0.49	0.70875
152	925	-329	0.07	-0.6825	0.77875
152	923	-329	0.25375	0.09625	0.88375
148	925	-328	0.63875	0.4375	1.18125
148	926	-330	0.74375	-0.00875	1.11125
149	926	-330	0.60375	-0.76125	0.7525
157	924	-330	0.44625	-1.26875	0.4725
158	926	-330	0.18375	-0.77875	0.30625
152	924	-328	0.09625	-0.175	-0.02625
151	926	-328	0.385	-0.21875	0.1225
154	929	-328	0.42	-0.16625	0.7
151	926	-328	0.06125	-0.07875	0.46375
150	929	-329	0.4025	-0.5425	-0.14875
148	928	-329	0.41125	-0.46375	-0.14875
148	927	-328	0.32375	-0.315	0.2275
152	924	-328	0.20125	-0.02625	0.41125
152	927	-328	0.42	0.42875	0.56875
147	927	-326	0.4025	0.58625	0.28
147	926	-327	0.41125	0.04375	0.0525
146	929	-328	0.58625	-0.39375	0.2625
147	927	-329	0.63	-0.84	0.6125
152	927	-331	0.84	-0.84	1.12
149	927	-332	0.8575	-0.49	1.575
151	928	-333	0.4025	-0.81375	1.68
159	927	-332	-0.28	-1.1025	1.435
162	925	-329	-0.48125	-0.37625	0.945
157	923	-327	-0.07875	0.56	0.16625
152	925	-326	0.2625	0.77875	0.07875
151	923	-325	0.245	0.42	0.4375
156	926	-326	0.0875	-0.1575	0.27125
153	925	-327	0.35875	-0.63	0.20125
153	931	-329	0.6825	-0.83125	0.0525
151	930	-328	0.385	-0.90125	-0.20125
155	926	-324	-0.07875	-0.67375	0.2625
154	922	-324	0.09625	-0.0175	0.805
155	929	-323	0.63	0.25375	0.8225
153	925	-324	0.63	0.06125	0.6825
153	926	-326	0.875	-0.6125	0.13125
152	928	-328	0.84	-1.0325	-0.44625
151	926	-330	0.7	-1.21625	-0.77875
153	927	-331	0.81375	-1.1025	-1.015
152	926	-330	0.8225	-0.4725	-0.14875
148	926	-330	0.7875	-0.2625	1.21625
152	927	-332	0.44625	-0.6125	1.3825
158	924	-330	0.14875	-0.53375	1.09375
160	927	-331	0.18375	0.105	1.0325
152	927	-330	0.21875	0.63875	0.3675
154	930	-329	0.455	0.4025	-0.2625
152	926	-329	0.28	0.46375	0.6475
159	927	-328	0.3675	0.27125	1.155
155	921	-326	0.1225	0.49	0.63875
154	924	-325	0.20125	0.16625	0.6475
156	924	-326	0.1225	-0.2975	0.65625
160	929	-326	0.18375	-0.5425	0.21
157	922	-325	-0.02625	0.1225	0.32375
157	927	-324	0.48125	0.3325	0.60375
155	927	-326	0.56	0.16625	1.00625
159	924	-326	0.49	-0.28875	1.3125
162	924	-328	0.69125	-0.39375	1.0325
155	927	-330	1.05	-0.30625	0.665
160	930	-331	0.9275	-0.39375	0.77
162	924	-329	0.32375	-0.2275	1.4
165	922	-327	0.11375	-0.32375	1.14625
164	921	-327	0.23625	-0.28	0.23625
164	925	-327	0.385	-0.04375	0.04375
161	924	-327	0.2625	0.14	0.035
159	930	-326	0.00875	-0.175	-1.0675
156	928	-327	-0.02625	-0.5075	-1.00625
153	926	-327	0.1925	-0.49	-0.77
154	925	-326	0.3325	-0.595	0.18375
162	926	-325	0.1925	-0.46375	0.84
161	925	-325	0.16625	0.21	0.74375
159	929	-325	0.42875	0.49	0.39375
151	925	-324	0.5075	0.1925	0.35875
155	927	-325	0.63875	-0.74375	0.42875
160	925	-327	0.6125	-1.02375	0.98
167	923	-328	0.84875	-0.67375	1.47875
164	925	-329	0.91875	0.02625	1.4
161	926	-330	0.8225	-0.04375	0.7
161	925	-328	0.525	-0.35875	0.46375
164	924	-327	0.27125	-0.455	0.455
165	924	-327	0.1925	-0.175	0.48125
163	923	-326	0.42875	0.175	0.76125
162	924	-326	0.69125	0.07875	0.5775
163	929	-327	0.46375	-0.48125	0.09625
163	921	-327	-0.11375	-0.7175	0.06125
169	925	-328	0.56875	-0.665	-0.62125
157	927	-329	0.67375	-0.02625	-1.295
156	929	-327	0.385	-0.07875	-0.42875
160	922	-325	0.07875	-0.1575	0.18375
160	927	-325	0.385	-0.0175	-0.035
157	925	-325	0.34125	0	-0.04375
160	926	-325	0.53375	-0.39375	0.44625
161	925	-327	0.7875	-0.35	0.4375
161	925	-329	0.84875	-0.28	0.13125
161	926	-330	0.65625	-0.2975	0.14875
158	927	-329	0.5075	-0.30625	0.27125
160	927	-329	0.2975	-0.455	0.09625
161	924	-328	0.13125	-0.315	0.385
160	923	-327	0.41125	-0.06125	0.63
159	926	-328	0.67375	0.105	0.525
158	927	-328	0.455	-0.07	0.6475
162	927	-326	0.0875	-0.53375	0.74375
165	924	-326	-0.315	-0.67375	0.48125
163	926	-327	0.11375	-0.79625	0.0875
160	929	-328	0.25375	-0.60375	-0.3325
162	924	-326	-0.09625	-0.32375	0.11375
163	922	-324	-0.30625	0.04375	0.35875
163	924	-324	-0.11375	0.3325	0.1925
161	926	-322	0.11375	0.5775	0.1575
157	926	-322	0.385	0.28875	-0.3675
157	929	-324	0.5075	-0.25375	-0.67375
157	924	-325	0.49	-0.49	0.0875
162	925	-326	0.81375	-0.665	0.665
163	927	-328	0.875	-0.5075	0.7525
161	926	-329	0.56875	-0.3325	0.65625
159	928	-328	0.1575	-0.595	-0.0875
163	928	-326	-0.21	-0.62125	-0.42
162	925	-325	-0.2275	0	-0.14
155	929	-322	-0.035	0.455	0.14875
154	922	-320	-0.00875	0.07	0.67375
164	927	-322	0.56875	-0.51625	1.12
161	928	-326	0.63875	-0.4725	1.23375
162	930	-327	0.665	-0.8225	0.4725
162	921	-326	0.3325	-0.91	-0.14
164	926	-325	0.3675	-0.5775	0.07875
165	927	-325	0.13125	0.14	0.18375
162	929	-322	0.0875	0.5775	0.06125
155	923	-321	0.18375	0.455	0.2625
160	929	-323	0.7175	-0.35	0.55125
163	927	-325	0.665	-0.65625	0.69125
167	920	-323	0.5425	-0.525	0.55125
166	917	-324	1.09375	-0.11375	0.30625
159	927	-329	1.8375	-0.35	-0.06125
160	936	-333	1.26	-1.1375	-0.2975
164	930	-329	-0.14875	-1.19	-0.14875
165	923	-324	-0.7525	-0.3325	0.07
161	924	-321	-0.21	0.56875	0.1925
157	924	-320	0.46375	0.595	0.46375
158	925	-321	1.00625	-0.39375	0.51625
160	927	-326	0.8925	-1.47	0.175
164	933	-329	0.55125	-1.82	-0.3325
162	926	-326	-0.07	-0.95375	-0.4725
159	925	-323	0.105	-0.0875	-0.02625
158	925	-323	0.32375	0.2275	0.2975
160	928	-324	0.595	0.175	0.8225
160	924	-324	0.5425	0.18375	0.79625
159	927	-325	0.63875	-0.21	0.455
158	928	-325	0.42	-0.6825	0.51625
162	924	-325	0.41125	-1.09375	0.62125
167	923	-327	0.91875	-0.945	0.55125
164	924	-329	1.18125	-0.2275	0.665
162	926	-330	0.9625	-0.0175	0.6825
163	928	-330	0.4025	-0.175	0.35875
167	926	-328	-0.07	-0.07875	0.07875
164	922	-325	-0.07	0.385	-0.09625
162	923	-324	0.21	0.5425	-0.04375
160	926	-322	0.2625	0.3325	0.28875
163	925	-323	0.20125	-0.11375	0.0175
159	929	-326	0.84875	-0.6825	-0.35
156	930	-328	0.81375	-0.91	-0.4375
160	927	-326	0.21875	-1.015	0.07
168	923	-324	-0.11375	-0.3675	0.49
163	922	-323	0.1925	0.805	0.53375
156	929	-323	0.62125	0.8925	-0.06125
152	926	-323	0.56875	-0.175	-0.1925
162	926	-324	0.49875	-1.04125	0.245
164	923	-324	0.5075	-0.7175	0.48125
160	925	-326	0.9625	-0.30625	0.25375
159	928	-329	1.155	-0.39375	0.4725
162	926	-329	0.76125	-0.5775	0.84875
165	924	-329	0.3675	-0.48125	0.55125
167	926	-328	0.16625	-0.02625	0.14
160	924	-326	0.06125	0.3325	-0.0525
160	927	-325	0.1225	-0.035	0.06125
163	924	-324	-0.1925	-0.41125	0.5775
168	925	-323	-0.30625	-0.30625	0.32375
160	926	-325	0.1575	-0.07875	-0.27125
157	932	-326	0.6825	-0.28875	-0.945
157	927	-325	0.49	-0.56	-0.91
161	922	-323	0.21	-0.3325	-0.1575
160	924	-323	0.4025	0.32375	0.455
158	930	-325	0.72625	0.46375	0.2275
153	927	-325	0.49	-0.07875	-0.1575
158	929	-325	0.41125	-0.81375	-0.14
159	925	-325	0.34125	-0.7	0.02625
161	924	-326	0.70875	-0.30625	0.42875
158	927	-327	0.95375	0.0525	0.8925
160	928	-328	0.665	-0.07875	0.91
161	925	-327	0.34125	-0.3325	0.72625
163	926	-326	0.3675	-0.32375	0.37625
162	926	-326	0.21	-0.04375	0.035
162	925	-325	0.06125	0.175	-0.07875
161	924	-323	0.07875	0.35875	0.315
161	925	-322	0.3675	0.27125	0.46375
164	926	-324	0.35875	0.0525	0.105
159	930	-326	0.58625	-0.175	-0.245
158	929	-327	0.44625	-0.2975	-0.55125
158	927	-325	0.23625	-0.18375	0.20125
161	924	-323	0.0525	0.04375	0.735
162	925	-323	0.4025	0.315	1.00625
161	925	-322	0.62125	0.48125	0.84
159	926	-323	0.79625	0.06125	0.5775
162	928	-325	0.7	-0.55125	0.51625
164	923	-325	0.48125	-0.76125	0.49
167	924	-326	0.83125	-0.60375	0.4375
163	926	-328	1.02375	-0.23625	0.35875
163	929	-328	0.7525	-0.25375	0.34125
164	927	-327	0.14	-0.25375	0.21
166	926	-324	-0.11375	-0.09625	-0.0525
162	923	-323	0.0175	0.21875	0
161	927	-322	0.2625	0.16625	-0.0525
160	925	-322	0.28	-0.14875	0.0875
164	927	-323	0.25375	-0.51625	-0.16625
160	927	-325	0.5075	-0.74375	-0.1575
158	930	-325	0.63	-0.8225	-0.46375
160	926	-325	0.41125	-0.805	-0.39375
163	925	-323	0.2625	-0.44625	0.0875
160	923	-323	0.27125	0.04375	0.13125
159	929	-322	0.525	0.0175	0.035
154	923	-322	0.7175	-0.60375	0.035
161	929	-326	1.11125	-1.3475	0.175
162	927	-328	0.83125	-1.0325	0.2275
163	925	-327	0.63	-0.3675	0.35
160	925	-327	0.72625	0.105	0.79625
159	926	-328	0.7175	-0.0875	1.04125
162	926	-328	0.5075	-0.41125	0.91
166	925	-327	0.2625	-0.34125	0.56
165	925	-326	0.1925	0.09625	0.21875
162	924	-324	0.28	0.315	-0.18375
161	922	-324	0.3325	-0.1575	-0.63875
163	929	-322	0.44625	-0.86625	-1.365
156	925	-326	0.28	-1.1025	-1.77625
159	933	-328	0.70875	-0.91875	-1.26875
151	929	-328	0.455	-0.20125	-0.48125
155	930	-325	0.16625	-0.14	0.34125
156	923	-323	-0.14	0.18375	0.875
158	924	-322	0.42	0.2625	0.735
154	925	-323	0.6475	0.07875	0.46375
156	927	-324	0.7525	-0.5775	0.41125
157	926	-326	0.69125	-0.86625	0.21
157	925	-327	0.84875	-0.77875	0.18375
158	928	-329	1.02375	-0.5075	0.53375
159	930	-330	0.72625	-0.23625	0.74375
159	927	-327	0.20125	-0.20125	0.86625
161	923	-325	-0.035	-0.315	0.7525
161	923	-324	0.105	-0.32375	0.455
160	925	-324	0.23625	-0.4025	0.13125
160	925	-325	0.32375	-0.665	-0.1575
161	925	-325	0.595	-0.77875	-0.11375
160	927	-327	0.77	-0.5425	-0.32375
156	931	-330	0.98	-0.5425	-0.455
152	931	-330	0.56	-0.44625	-0.56
155	925	-327	0.07	-0.35875	-0.0175
157	923	-324	-0.09625	0.13125	0.56
155	925	-324	0.2625	0.42	0.805
153	928	-324	0.53375	0.14	0.5425
152	926	-324	0.63	-0.5075	0.35875
154	929	-327	0.86625	-0.9625	0.4725
157	927	-329	0.90125	-0.8225	0.805
161	928	-331	0.91875	-0.2975	1.28625
159	927	-331	0.76125	0.28	1.65375
161	925	-329	0.42	0.32375	1.5575
163	924	-328	0.0875	0.14	1.12875
164	923	-326	0.02625	0.0175	0.69125
164	922	-325	0.20125	0.0875	0.35
163	924	-326	0.60375	0.13125	0.09625
161	924	-327	0.76125	-0.0525	0.30625
165	930	-328	0.525	-0.49875	0.25375
162	928	-329	0.105	-0.58625	0.32375
164	927	-328	0.1925	-0.525	-0.09625
161	923	-328	0.1225	-0.16625	-0.035
165	925	-326	-0.07	0.0525	0.49
164	924	-325	-0.35875	0.49	0.5075
163	928	-323	-0.28875	0.53375	0.27125
158	921	-321	-0.175	0.34125	0.0525
161	927	-323	0.525	-0.28	-0.035
161	929	-324	0.56875	-0.58625	0.245
165	926	-325	0.4025	-0.58625	0.5425
167	925	-326	0.665	-0.02625	0.7525
163	925	-326	0.7875	0.35	0.77875
162	927	-326	0.49875	0.07875	0.6125
167	927	-326	0.04375	-0.25375	0.21
166	925	-324	-0.07	0.0175	-0.14
161	925	-322	0.16625	0.21875	-0.3325
162	924	-322	0.42	-0.0175	-0.06125
163	928	-322	0.44625	-0.2975	0.1925
163	925	-325	0.4375	-0.55125	0.23625
164	931	-326	0.77875	-0.56875	-0.105
161	927	-326	0.51625	-0.44625	-0.49875
162	925	-323	0.25375	-0.455	-0.28875
164	921	-322	0.0875	-0.09625	0.0525
163	928	-322	0.42875	0.3325	0.07
156	927	-323	0.595	0.23625	-0.2625
158	929	-324	0.76125	-0.5075	-0.23625
161	926	-325	0.525	-0.8225	0.105
165	925	-325	0.53375	-0.39375	0.48125
163	926	-326	0.74375	0.2275	0.48125
158	929	-326	0.77875	0.21875	0.37625
159	926	-327	0.42875	-0.4025	0.385
166	924	-326	0.23625	-0.56	0.58625
165	924	-325	0.30625	-0.0175	0.49875
164	926	-325	0.3325	0.315	0.2625
161	926	-323	0.28	0.21875	0.245
164	926	-323	0.09625	-0.14	-0.13125
161	927	-326	0.35	-0.46375	-0.25375
157	932	-328	0.37625	-0.51625	-0.49
159	928	-325	-0.2625	-0.79625	-0.5425
163	925	-321	-0.58625	-0.4725	-0.1225
160	923	-320	-0.2275	0.41125	0.1925
159	928	-319	0.37625	0.70875	0.07
152	926	-319	0.65625	0.28	0.25375
157	928	-321	0.9975	-0.805	0.5075
161	926	-324	0.9625	-1.19875	0.42875
163	927	-326	0.95375	-0.91875	0.245
160	930	-327	0.70875	-0.53375	0.20125
157	931	-326	0.0175	-0.56875	0.27125
160	924	-322	-0.55125	-0.875	0.2625
165	924	-321	-0.06125	-0.5775	0.5075
162	926	-322	0.69125	0.18375	0.77
161	930	-323	0.84	0.55125	0.88375
162	924	-323	0.42875	0.42875	0.98
167	928	-323	0.18375	0.11375	0.525
160	927	-324	0.1925	-0.32375	0.0525
161	929	-325	0.3675	-0.6825	-0.56
161	924	-323	0.30625	-0.60375	-0.63875
163	927	-322	0.27125	-0.04375	-0.04375
160	926	-322	0.2975	0.665	0.3675
160	930	-321	0.55125	0.6475	0.56
156	927	-322	0.51625	0.1575	0.805
162	926	-322	0.46375	-0.525	0.83125
166	923	-322	0.455	-0.455	0.875
166	925	-323	0.69125	-0.13125	0.63
163	929	-324	0.81375	0.0525	0.4725
161	929	-324	0.53375	-0.21	0.42
165	927	-324	0.14	-0.4375	0.2975
168	925	-323	-0.07875	-0.07	0.385
166	924	-321	0.0875	0.51625	0.4025
163	925	-320	0.3325	0.67375	0.21875
161	926	-320	0.4725	0.2275	0.18375
165	930	-321	0.28	-0.48125	-0.1575
163	930	-322	0.35875	-0.79625	-0.30625
160	926	-322	0.56	-0.735	-0.35
164	926	-322	0.63	-0.5775	0.49875
167	928	-322	0.2975	-0.09625	0.95375
164	926	-319	0.04375	0.315	0.72625
163	925	-319	0.245	0.11375	0.2275
160	925	-320	0.83125	-0.46375	-0.07
162	928	-322	1.1375	-0.91	0.06125
164	926	-324	0.945	-0.875	0.525
167	928	-325	0.875	-0.56	0.88375
166	926	-326	0.7525	-0.0525	0.91
165	928	-326	0.455	0.04375	0.72625
166	924	-323	-0.02625	-0.18375	0.30625
168	922	-322	-0.035	-0.315	-0.0875
167	925	-321	0.27125	-0.07875	-0.525
163	927	-322	0.56875	0.1925	-0.525
158	932	-321	0.665	0.0175	-0.16625
160	927	-323	0.32375	-0.6125	0.1575
165	930	-323	0.6125	-0.91875	0.5425
163	926	-324	0.55125	-0.48125	0.41125
165	926	-322	0.44625	-0.00875	0.805
167	923	-321	0.18375	0.35	0.83125
165	927	-321	0.55125	0.595	0.70875
161	925	-321	0.62125	0.32375	0.25375
163	926	-322	0.7175	-0.46375	0.1925
166	925	-323	0.56875	-0.735	0.39375
170	923	-323	0.67375	-0.5075	0.49
168	924	-324	0.98	0.0175	0.595
165	928	-327	1.07625	0.07	0.44625
165	927	-326	0.735	-0.2625	0.0175
167	927	-325	0.3675	-0.5075	-0.245
166	925	-324	0.175	-0.4375	-0.35875
165	925	-324	0.3325	-0.21875	-0.34125
165	924	-323	0.44625	0.04375	-0.0525
166	927	-322	0.46375	0.0525	0.0175
159	924	-323	0.525	-0.30625	-0.105
165	932	-326	0.8575	-0.88375	-0.53375
160	927	-326	0.44625	-0.77875	-0.63
163	925	-323	0.18375	-0.5425	-0.20125
161	922	-323	0.2275	0.14	0.245
163	927	-323	0.74375	0.35875	0.4725
159	928	-325	0.7175	0.3675	0.665
158	932	-326	0.42	-0.3675	0.32375
156	927	-324	-0.09625	-1.12	-0.02625
164	923	-323	0.14	-1.32125	0.5425
168	923	-325	0.74375	-0.6125	1.02375
163	927	-326	1.07625	0.06125	1.12875
165	928	-327	0.7	-0.175	1.14625
171	928	-326	-0.21	-0.49	1.0675
170	922	-323	-1.0675	-0.37625	0.4725
169	922	-320	-0.84875	-0.20125	-0.6475
169	924	-320	-0.18375	0.35875	-1.155
160	931	-320	0.55125	0.7175	-0.93625
153	929	-322	0.51625	0.06125	-0.11375
162	933	-323	0.35	-0.98	0.44625
167	922	-321	0	-0.70875	0.65625
166	921	-319	0.48125	0.105	1.00625
163	925	-322	1.00625	0.34125	0.58625
164	931	-324	1.0675	-0.0175	0.13125
163	926	-324	0.37625	-0.07875	-0.04375
163	927	-322	0.2975	-0.21875	0.20125
162	926	-323	0.35	-0.25375	0.4025
165	927	-324	0.42	-0.21875	0.63875
166	926	-324	0.55125	0.0875	0.90125
165	927	-324	0.7	0.2975	1.09375
164	926	-324	0.51625	0.0875	0.8225
169	926	-324	0.18375	-0.14875	0.385
169	925	-322	0	0.25375	0.25375
166	927	-320	0.0875	0.595	0.245
165	926	-319	0.13125	0.42	0.53375
167	928	-318	0.245	-0.105	0.79625
171	925	-320	0.20125	-0.46375	0.95375
169	926	-320	0.76125	-0.63	0.67375
170	924	-322	0.84875	-0.53375	0.28
170	927	-321	0.55125	-0.39375	0.525
170	925	-321	0.1575	-0.2275	0.4025
168	925	-319	0.41125	-0.35875	0.14
166	925	-320	0.62125	-0.5775	-0.0525
167	926	-321	0.79625	-0.7875	0.21
167	927	-322	0.805	-0.665	0.58625
169	925	-322	0.7	-0.525	0.62125
168	923	-323	0.8925	-0.455	0.7
167	924	-324	1.07625	-0.735	0.72625
172	927	-327	0.90125	-1.015	0.385
174	928	-327	0.315	-0.51625	-0.04375
168	925	-324	-0.04375	0.14875	-0.35875
164	925	-321	-0.04375	0.20125	-0.49875
169	924	-320	-0.00875	-0.175	-0.0875
170	924	-319	0.2275	-0.2275	0.35875
169	927	-321	0.4725	-0.27125	-0.1925
164	931	-324	0.945	-0.5775	-0.18375
163	930	-325	0.735	-0.76125	-0.2625
166	925	-323	0.35875	-0.74375	-0.035
166	924	-322	0.3325	-0.245	0.28875
164	924	-323	0.665	0.0175	0.53375
166	930	-324	0.74375	-0.1225	0.72625
164	923	-324	0.4375	-0.32375	0.8225
169	925	-325	0.56875	-0.3675	0.9275
169	925	-325	0.525	0.02625	0.9275
169	925	-324	0.56	0.245	0.8575
166	926	-323	0.6475	0.13125	0.77
167	926	-324	0.6475	-0.41125	0.86625
172	924	-323	0.4375	-0.735	1.02375
176	923	-323	0.3325	-0.53375	0.77875
172	923	-323	0.385	-0.04375	0.2975
170	926	-324	0.5425	0.07	0.32375
172	926	-323	0.41125	0.02625	0.77
172	926	-321	0.105	-0.07	0.62125
168	921	-322	-0.09625	-0.3325	0.27125
174	927	-323	0.56875	-0.76125	0.21
170	925	-325	0.595	-0.3675	0.2275
172	926	-323	0.46375	-0.14	0.44625
170	922	-321	0.175	0.07875	0.665
172	923	-321	0.315	-0.07	0.5425
172	927	-321	0.315	-0.23625	0.35875
170	928	-322	0.28875	-0.62125	0.2625
173	929	-324	0.35	-0.93625	-0.035
172	921	-322	0.2275	-0.49	0.1575
175	924	-323	0.5775	0.00875	0.8925
172	928	-325	0.6825	0.4025	1.05
169	931	-325	0.27125	0.0525	0.51625
167	924	-320	-0.42	-0.77	0.14
173	916	-319	-0.28	-1.54875	0.175
176	920	-322	0.70875	-1.2425	0.4025
176	927	-327	1.30375	-0.21875	0.42875
173	930	-327	0.91	0.51625	0.49875
171	926	-325	0.315	0.56875	0.455
173	926	-323	-0.18375	0.32375	0.21875
170	925	-322	-0.11375	0.04375	0.245
172	922	-321	0.1575	-0.035	0.16625
174	924	-321	0.4725	0.14	0.74375
175	926	-321	0.46375	0.245	0.76125
175	924	-321	0.32375	0.23625	0.39375
178	925	-321	0.28	0.35875	0.07
172	923	-320	0.35	0.42	-0.06125
171	929	-321	0.455	-0.04375	-0.0525
176	924	-320	0.105	-0.35875	0.44625
182	922	-319	0.3675	-0.07	0.875
175	925	-322	0.8225	0.315	0.5075
173	927	-323	0.69125	-0.0525	0.23625
178	923	-321	0.2975	-0.4375	0.4725
180	923	-321	0.28875	-0.21875	0.30625
176	924	-319	0.32375	0.18375	-0.1225
174	925	-319	0.28875	0.1225	0.09625
175	924	-319	0.42875	-0.18375	0.23625
174	923	-319	0.70875	-0.385	0.18375
177	927	-321	0.70875	-0.7	0.035
174	925	-322	0.69125	-0.90125	0.1575
175	926	-324	0.84875	-0.77	-0.51625
172	926	-323	0.7	-0.39375	-0.35
171	926	-321	0.49875	-0.2275	0.21
173	922	-320	0.49875	-0.32375	0.2975
175	925	-320	0.6825	-0.48125	0.0875
170	923	-321	0.72625	-0.63	0.035
173	928	-323	0.8575	-0.8925	0.20125
172	926	-324	0.69125	-0.77	0.4725
174	925	-324	0.74375	-0.5775	0.7875
173	923	-325	0.8225	-0.385	1.00625
174	922	-325	0.90125	-0.4725	0.9625
173	924	-327	0.77875	-0.7	0.735
179	925	-326	0.34125	-0.77875	0.44625
180	923	-324	0.06125	-0.06125	0.42
174	923	-323	0.34125	0.55125	0.41125
173	926	-323	0.48125	0.13125	0.315
177	923	-322	0.175	-0.30625	0.62125
180	923	-320	0.0875	-0.35875	0.42
171	921	-323	0.525	-0.70875	-0.0525
173	929	-326	0.84	-1.39125	-0.56875
178	923	-325	0.39375	-1.4	-0.46375
179	923	-325	0.21875	-0.60375	0.0875
174	924	-324	0.21	0.2275	0.34125
175	927	-322	0.32375	0.35875	0.175
171	921	-321	0.25375	0.245	-0.02625
172	926	-322	0.5775	-0.2975	0.16625
175	924	-323	0.49	-0.46375	0.49875
177	922	-323	0.70875	-0.2275	0.6475
173	925	-325	0.97125	0.07	0.63
171	926	-326	0.65625	-0.28	0.665
178	924	-326	0.14875	-0.60375	0.5775
181	922	-323	0.035	-0.0525	0.37625
176	923	-323	0.21	0.58625	0.23625
172	925	-322	0.30625	0.385	0.035
173	924	-321	0.35	-0.1575	-0.035
175	923	-321	0.4025	-0.41125	0.25375
178	928	-322	0.25375	-0.525	0.02625
174	924	-323	0.2975	-0.60375	0.20125
174	926	-324	0.62125	-0.53375	0.23625
173	922	-323	0.53375	-0.60375	0.00875
178	923	-323	0.42	-0.51625	0.0525
178	923	-322	0.32375	0.14	0.14
174	926	-323	0.595	0.5075	-0.07875
166	924	-322	0.69125	0.2975	-0.13125
170	928	-323	0.665	-0.5775	0.1575
175	924	-325	0.35875	-0.81375	0.58625
177	923	-325	0.60375	-0.525	0.7875
175	925	-327	0.9275	-0.23625	0.7525
176	924	-327	0.72625	-0.20125	0.805
179	924	-327	0.1575	-0.11375	0.56875
179	924	-325	-0.28875	0.175	0.11375
179	924	-323	-0.39375	0.56	-0.1925
173	923	-320	-0.14875	0.81375	-0.02625
170	924	-319	0.21875	0.30625	0.23625
175	922	-320	0.2625	-0.42	0.6475
182	925	-319	0.35	-0.60375	0.48125
181	924	-322	0.34125	-0.21875	0.14
175	929	-323	0.63	-0.09625	-0.49875
173	924	-322	0.42	-0.06125	-0.595
175	923	-320	0.35	0.0175	0.1925
177	924	-321	0.245	0.23625	0.49
176	927	-320	0.315	0.28875	0.30625
174	922	-320	0.385	0.175	0.18375
174	924	-321	0.90125	-0.1575	0.46375
174	924	-323	0.95375	-0.4375	0.77875
180	923	-324	0.79625	-0.49	1.1025
181	923	-324	0.7875	-0.07875	1.155
177	924	-325	0.90125	-0.02625	0.88375
179	924	-326	0.56875	-0.41125	0.58625
183	922	-324	0.14875	-0.48125	0.32375
184	922	-322	0.0525	-0.0875	-0.07875
179	923	-321	0.2625	0.39375	-0.28875
175	926	-320	0.55125	0.32375	-0.21875
175	923	-320	0.49875	-0.09625	0.1925
178	926	-319	0.4375	-0.62125	0.21875
177	923	-322	0.32375	-0.95375	0.23625
180	929	-324	0.72625	-0.86625	0.0875
175	925	-323	0.5425	-0.37625	0.09625
176	923	-322	0.39375	-0.3325	0.39375
180	920	-321	0.23625	-0.23625	0.41125
182	921	-318	0.5075	-0.02625	-0.0525
174	920	-318	0.97125	-0.04375	-0.90125
170	928	-322	1.5575	-0.81375	-0.84
172	928	-326	1.30375	-1.35625	0.07
177	924	-328	1.0325	-1.21625	0.95375
180	922	-329	1.04125	-0.56875	1.14625
180	923	-328	0.9625	0.04375	1.12875
182	919	-325	0.665	0.21875	0.67375
180	917	-324	0.69125	0.07875	-0.21
175	923	-326	0.9625	-0.35	-0.95375
174	925	-329	1.04125	-0.72625	-1.00625
174	926	-329	0.93625	-0.7875	-0.51625
175	925	-329	0.53375	-0.525	0.11375
180	926	-327	0.0175	-0.13125	0.315
176	919	-326	0.06125	0.175	0.63875
175	924	-325	0.55125	0.13125	0.25375
173	923	-325	0.48125	-0.2275	-0.23625
175	922	-324	0.4025	-0.455	-0.28875
172	921	-325	0.56875	-0.1925	-0.175
172	928	-327	0.86625	-0.11375	-0.0875
170	925	-328	0.6825	-0.14	0.28
175	925	-327	0.5425	-0.315	0.6825
174	921	-327	0.27125	-0.175	0.84875
175	920	-327	0.4375	-0.16625	0.77875
176	921	-328	0.81375	-0.2275	0.5775
175	923	-331	0.875	-0.3325	0.53375
176	923	-331	0.53375	-0.56875	0.25375
179	926	-331	0.04375	-0.53375	-0.20125
177	923	-329	-0.28875	-0.00875	-0.39375
173	922	-327	-0.14875	0.37625	-0.02625
172	926	-326	-0.175	0.20125	0.595
177	921	-323	-0.58625	-0.2625	0.7
183	921	-321	-0.62125	-0.20125	-0.11375
175	922	-322	0.07	0.16625	-0.665
167	928	-325	0.77875	0.11375	-1.0325
169	926	-324	0.63875	-0.4025	-0.2975
175	921	-324	0.27125	-0.525	0.83125
181	923	-325	0.315	-0.04375	1.02375
181	927	-324	0.25375	0.70875	0.62125
172	921	-322	0.0525	0.91	0.42875
174	924	-322	0.245	0.23625	0.28
174	923	-323	0.21875	-0.42	-0.0525
177	923	-324	0.455	-0.69125	0.0175
175	923	-325	0.77	-0.42	0.42
175	925	-326	0.84875	-0.39375	0.41125
177	925	-327	0.48125	-0.35875	0.39375
178	923	-326	0.06125	-0.0175	0.35
178	924	-324	-0.06125	0.42	0.21
175	923	-322	-0.07	0.55125	-0.02625
176	924	-321	-0.02625	0.44625	0.14
174	920	-320	-0.07	0.28875	0.5425
179	927	-319	0.11375	-0.14	0.35875
173	926	-322	0.35	-0.3675	0.3675
175	925	-323	0.665	-0.56875	0.0175
175	923	-323	0.49875	-0.46375	0.55125
181	925	-322	0.21875	-0.30625	1.1375
181	921	-321	0.13125	0.1925	1.09375
180	924	-320	0.39375	0.41125	0.48125
173	923	-320	0.49875	0.105	0.175
173	926	-321	0.58625	-0.805	0.2625
179	925	-322	0.35	-1.39125	0.44625
182	921	-323	0.4025	-1.16375	0.58625
181	922	-324	0.805	-0.5075	0.84875
180	924	-325	0.86625	-0.2275	0.9275
182	926	-325	0.55125	-0.18375	0.62125
181	925	-323	0.04375	-0.105	0.2975
179	922	-321	-0.1925	-0.07	0.13125
177	923	-320	0.0175	-0.28875	0.07
180	922	-320	0.09625	-0.56875	0.32375
182	923	-319	0.27125	-0.60375	0.245
181	924	-321	0.32375	-0.53375	-0.21875
177	929	-324	0.63	-0.6825	-0.30625
173	926	-324	0.4375	-0.76125	-0.5075
179	924	-322	0.2275	-0.58625	0.4375
181	922	-321	0.105	0.34125	1.37375
177	924	-321	0.42875	0.81375	1.26875
176	926	-321	0.44625	0.4375	0.665
176	921	-320	0.42875	-0.3325	0.30625
180	922	-321	0.7175	-0.90125	0.25375
181	924	-324	0.7175	-0.875	0.3325
185	925	-325	0.665	-0.44625	0.32375
183	923	-324	0.665	0.20125	0.5775
180	922	-325	0.62125	0.35	0.735
180	927	-324	0.25375	0.035	0.385
184	924	-322	-0.4025	-0.1225	-0.105
183	920	-319	-0.34125	0.2275	-0.1225
177	924	-318	0.3325	0.41125	-0.09625
177	926	-318	0.35875	-0.02625	0.175
182	925	-317	0.13125	-0.53375	0.18375
180	919	-319	0.315	-0.5775	0.2625
181	929	-323	0.98875	-0.56875	0.04375
175	927	-324	0.63875	-0.44625	-0.2975
181	925	-321	0.1575	-0.41125	0.07875
180	921	-320	-0.175	0.1575	0.48125
180	925	-318	0.14	0.32375	0.1575
177	922	-318	0.27125	0.2625	-0.02625
178	925	-319	0.5775	-0.1925	0.3675
180	923	-320	0.665	-0.525	0.595
183	921	-321	0.875	-0.62125	0.44625
183	922	-324	1.1375	-0.42875	0.30625
183	926	-325	0.88375	-0.385	0.34125
186	925	-323	0.28	-0.49875	0.30625
186	924	-321	-0.02625	-0.35	0.0175
179	924	-320	0.035	-0.11375	-0.23625
177	926	-319	0.16625	-0.41125	-0.34125
180	922	-318	-0.00875	-0.55125	-0.105
186	920	-316	0.14	-0.07875	0.385
184	918	-316	0.315	0.7525	0.34125
176	928	-320	1.12875	0.6475	-0.49875
167	931	-322	1.37375	-0.1225	-1.9075
169	933	-324	0.97125	-1.1025	-1.56625
174	926	-322	0.07875	-1.12875	-0.46375
177	921	-321	0.06125	-0.39375	0.42875
179	924	-321	0.385	0.55125	1.0325
173	926	-321	0.595	0.63	0.9975
173	927	-322	0.5425	-0.21875	0.1925
176	924	-323	0.385	-0.77	0.04375
180	923	-322	0.525	-0.60375	0.385
179	924	-323	0.7	-0.00875	0.6825
178	925	-323	0.5425	0.16625	0.7875
181	924	-323	0.2625	0.07	0.7175
183	924	-321	0.02625	0.28	0.5425
181	922	-320	-0.0175	0.62125	0.28875
181	924	-318	0.175	0.63	0.2275
181	922	-318	0.315	0.51625	0.4025
184	927	-318	0.2625	0.175	0.04375
177	928	-319	0.21875	-0.16625	-0.09625
177	923	-319	0.4025	-0.65625	-0.60375
180	924	-320	0.525	-0.79625	-0.4025
183	926	-319	0.32375	-0.2975	0.07875
180	923	-318	0.14	0.39375	0.07875
179	927	-318	0.27125	0.385	-0.67375
171	924	-317	0.245	0.00875	-0.84
173	927	-318	0.2975	-0.6825	-0.44625
179	924	-319	0.175	-0.805	-0.14875
180	923	-319	0.51625	-0.315	0.0525
173	924	-320	0.88375	0.04375	0.175
173	927	-322	0.95375	-0.37625	0.2975
177	927	-323	0.58625	-0.7175	0.035
179	929	-321	0.25375	-0.51625	-0.18375
176	925	-319	-0.1225	0.1225	0.105
175	924	-317	-0.0525	0.28875	0.42875
174	924	-317	0.0525	-0.04375	0.6475
179	928	-315	0.00875	-0.4725	0.3325
174	924	-317	0.105	-0.7	0
176	929	-319	0.6125	-1.0325	-0.3325
172	925	-319	0.51625	-0.945	-0.55125
176	923	-317	0.51625	-1.02375	-0.7875
177	926	-320	0.42	-0.665	-1.0325
174	932	-320	0.28875	0.0525	-0.69125
168	926	-318	-0.14	0.65625	-0.35
167	927	-317	0.07875	0.4025	0.245
168	927	-316	0.27125	-0.11375	1.1025
173	922	-317	0.49	-0.595	1.32125
173	923	-317	1.11125	-0.88375	0.945
175	927	-320	1.4175	-1.575	0.5775
181	927	-323	0.9975	-1.63625	0.84875
181	927	-322	0.48125	-0.65625	0.63
175	926	-321	0.28	0.27125	0.30625
172	926	-319	0.30625	0.32375	0.44625
176	926	-319	0.1575	0	0.88375
177	924	-316	0.07	-0.07	0.98
177	923	-316	0.07	-0.23625	0.51625
176	928	-319	0.5425	-0.67375	0.3325
174	928	-320	0.42875	-0.62125	-0.00875
175	925	-318	0.20125	-0.41125	0.1225
176	923	-317	0.0525	-0.0875	0.455
178	924	-318	0.28875	0.175	0.70875
177	927	-317	0.46375	0.455	0.56
171	926	-317	0.37625	0.14	0.525
177	929	-319	0.315	-0.7875	0.5775
181	925	-318	0.00875	-0.7	0.595
181	923	-317	0.23625	0.0875	0.63
175	925	-318	0.6825	0.3325	0.9275
179	926	-318	0.595	-0.30625	1.1375
185	924	-318	0.27125	-0.56875	0.8575
185	924	-318	0.18375	-0.07	0.07
177	923	-317	0.35875	0.30625	-0.39375
176	926	-318	0.5425	-0.02625	-0.53375
178	927	-317	0.2975	-0.28875	-0.34125
178	924	-315	0.1925	-0.27125	-0.23625
178	926	-316	0.2975	-0.245	-0.11375
174	932	-319	0.77	-0.37625	0.3325
171	928	-319	0.6825	-0.315	0.28
174	926	-318	0.5075	-0.58625	0.28875
177	927	-318	0.16625	-0.49875	0.46375
179	925	-317	0.09625	-0.09625	0.7175
179	924	-315	0.2625	0.385	0.63875
175	925	-315	0.63875	0.44625	0.70875
176	929	-317	0.74375	0.07	0.79625
180	926	-318	0.4375	-0.21875	0.98875
182	923	-318	0.5425	-0.25375	1.25125
182	924	-319	0.81375	-0.14	1.51375
185	924	-319	0.805	-0.20125	1.2075
187	925	-320	0.53375	-0.21	0.51625
186	926	-318	0.34125	-0.14875	0.07
185	922	-318	0.2625	0.0175	0
182	924	-317	0.4725	0.09625	0.035
181	923	-316	0.42875	-0.07875	0.07
184	925	-315	0.41125	-0.3325	0.105
186	928	-317	0.2275	-0.30625	0.02625
179	929	-318	0.525	-0.30625	-0.3325
176	923	-317	0.525	-0.5775	-0.6825
182	924	-315	0.46375	-0.6825	0.2625
186	922	-315	0.30625	-0.04375	0.69125
181	924	-316	0.7525	0.4025	0.105
175	927	-317	0.8925	0.06125	-0.6825
174	926	-318	0.79625	-0.84	-0.28875
180	926	-319	0.69125	-1.26	0.51625
184	924	-320	0.6825	-0.95375	0.63
184	925	-321	0.86625	-0.39375	0.51625
179	924	-322	0.90125	-0.0175	0.55125
180	925	-322	0.67375	-0.25375	0.4375
184	926	-322	0.1225	-0.3675	0.21875
185	924	-319	-0.2625	-0.07	-0.14
181	923	-317	-0.09625	0.3675	-0.3325
176	925	-316	0.37625	0.315	-0.2275
177	926	-317	0.4725	-0.2275	0.09625
182	926	-317	0.2975	-0.58625	0.42
183	923	-317	0.07875	-0.44625	0.21875
180	927	-319	0.6475	-0.46375	0.07
175	930	-321	0.67375	-0.46375	-0.23625
178	926	-320	0.245	-0.595	0.07
182	922	-317	-0.07	-0.16625	0.56875
181	923	-316	0.21875	0.49875	0.76125
179	929	-316	0.455	0.69125	0.6125
173	923	-316	0.32375	0.09625	0.5425
180	925	-317	0.5425	-0.735	0.84
184	923	-318	0.56875	-0.7875	0.945
187	924	-319	0.70875	-0.37625	0.8575
183	925	-320	0.74375	0.02625	0.805
182	926	-320	0.56	-0.13125	0.63
184	924	-319	0.175	-0.4375	0.34125
187	924	-317	0.00875	-0.37625	0.09625
186	924	-316	0.14875	0.07875	0.09625
181	923	-316	0.42875	0.27125	-0.0175
180	925	-316	0.58625	-0.0525	0.09625
181	924	-316	0.49	-0.44625	0.3675
186	926	-317	0.25375	-0.60375	0.14
182	929	-320	0.28	-0.67375	0.11375
180	929	-320	0.13125	-0.6125	-0.21875
182	924	-317	-0.1225	-0.56	-0.28875
184	921	-315	-0.16625	0.035	-0.14
180	923	-315	0.1575	0.69125	-0.00875
176	930	-315	0.41125	0.55125	0.00875
174	925	-315	0.4025	-0.27125	0.07875
181	926	-316	0.76125	-1.05875	0.28875
181	925	-318	0.7875	-0.91	0.60375
183	924	-319	0.8225	-0.58625	0.91
184	928	-320	0.735	-0.3675	1.02375
183	925	-320	0.30625	-0.39375	0.77
188	923	-318	0.0525	-0.46375	0.25375
188	925	-317	-0.06125	-0.00875	-0.0525
186	925	-315	-0.04375	0.6825	-0.37625
178	922	-313	0.2975	1.02375	-0.46375
175	928	-313	0.7525	0.3675	0.1925
181	923	-314	0.53375	-0.7175	0.84875
188	924	-314	0.63875	-1.25125	0.42875
185	925	-319	0.77875	-0.875	-0.1575
180	932	-321	1.05	-0.63875	-0.63
178	926	-321	0.525	-0.42	-0.7175
180	925	-318	0.14	-0.07875	-0.0525
180	925	-317	-0.105	0.49	0.3675
179	926	-315	0.21	0.63	0.5425
178	924	-315	0.3325	0.3675	0.41125
180	926	-316	0.6125	-0.25375	0.46375
180	926	-317	0.6475	-0.53375	0.665
184	924	-316	0.5425	-0.62125	0.91875
186	925	-317	0.56	-0.4725	1.16375
186	924	-317	0.58625	-0.2975	1.00625
188	925	-317	0.55125	-0.32375	0.455
186	924	-316	0.4025	-0.06125	-0.175
185	926	-316	0.32375	0.105	-0.4025
181	926	-315	0.14875	0.105	-0.21
182	925	-314	0.14875	-0.2275	-0.1575
180	922	-314	0.27125	-0.48125	0.0175
182	927	-314	0.51625	-0.8225	0.07875
181	924	-318	0.48125	-1.05	0.0525
181	930	-321	0.9625	-1.0325	-0.23625
178	927	-322	0.83125	-0.49875	-0.2625
180	926	-320	0.4375	-0.07875	0.51625
183	925	-318	-0.1575	0.2975	0.81375
184	925	-315	-0.23625	0.4725	0.58625
181	923	-313	-0.1225	0.48125	0.0525
178	925	-313	0.25375	-0.13125	-0.245
180	925	-313	0.5075	-0.6125	0
183	925	-316	0.7525	-0.56	0.62125
184	926	-317	0.93625	-0.175	1.04125
184	925	-318	0.8225	-0.07	1.07625
185	923	-318	0.58625	-0.34125	0.7525
187	926	-317	0.25375	-0.51625	0.21
190	923	-316	-0.0175	-0.2625	-0.28875
182	922	-314	0.315	0.21	-0.48125
178	926	-316	0.735	0.0175	-0.2275
180	927	-317	0.44625	-0.56	0.37625
185	926	-315	0.0175	-0.77	0.4025
184	921	-316	0.04375	-0.48125	-0.27125
181	929	-317	0.9275	-0.37625	-0.37625
176	930	-319	0.74375	-0.21875	-0.20125
180	926	-316	0.21875	-0.35875	0.21
182	923	-314	-0.13125	0.0175	0.49875
180	924	-314	0.16625	0.34125	0.58625
180	927	-313	0.455	0.37625	0.46375
176	923	-314	0.67375	-0.13125	0.525
182	928	-317	0.84875	-0.91875	0.735
187	923	-317	0.5775	-0.91	0.7875
188	923	-317	0.69125	-0.2625	0.62125
182	926	-319	0.8575	0.20125	0.46375
182	926	-319	0.6825	-0.0875	0.4725
185	926	-318	0.32375	-0.42	0.3675
188	925	-317	0.07	-0.2625	-0.07875
184	924	-315	0.09625	0.21	-0.0525
180	925	-315	0.2975	0.1225	0.0525
183	924	-315	0.245	-0.30625	0.3325
186	924	-314	0.30625	-0.42875	0.5075
187	925	-315	0.34125	-0.16625	0.035
181	931	-317	0.60375	-0.20125	-0.4375
177	927	-316	0.35875	-0.35875	-0.93625
180	924	-315	0.245	-0.42875	-0.51625
182	925	-315	0.21	0.0175	0.21
182	929	-315	0.1925	0.4725	0.525
179	927	-313	0.04375	0.56875	0.48125
176	923	-313	0.315	0.07	0.42
178	926	-314	0.735	-0.58625	0.56875
183	926	-316	0.63875	-0.83125	0.83125
184	926	-318	0.65625	-0.665	0.9625
181	927	-318	0.69125	-0.74375	1.11125
187	923	-319	0.4725	-1.1725	1.25125
193	922	-319	0.4025	-0.70875	0.83125
189	926	-318	0.30625	0.3675	0.315
184	927	-315	-0.21	0.76125	0.175
183	924	-313	-0.35	0.46375	0.16625
186	926	-312	0.0175	0.16625	0.34125
184	922	-312	0.13125	0.0175	0.62125
191	928	-311	0.04375	-0.21	0.49875
185	927	-312	-0.06125	-0.16625	0.51625
185	929	-312	0.28	-0.25375	-0.02625
182	924	-312	0.28	-0.3325	0.1925
190	923	-311	0.3325	-0.41125	0.70875
189	923	-312	0.56	0.16625	0.93625
187	926	-311	0.84875	0.385	0.525
181	923	-311	0.8575	-0.0175	0.2975
186	927	-314	1.05	-0.98	0.42875
188	926	-316	0.875	-1.25125	0.60375
191	923	-316	0.875	-0.9625	0.62125
187	923	-317	1.05875	-0.525	0.77
189	925	-318	1.00625	-0.58625	0.7175
191	926	-318	0.5425	-0.63875	0.41125
191	924	-317	0.14	-0.42	0
187	924	-315	0.07875	-0.14	-0.315
186	923	-314	0.2625	-0.0175	-0.23625
185	925	-313	0.525	-0.09625	0.13125
186	923	-314	0.63	-0.3325	0.55125
190	927	-314	0.49875	-0.53375	0.35
186	925	-316	0.5425	-0.58625	0.2275
186	928	-317	0.79625	-0.6125	-0.20125
184	925	-316	0.56875	-0.58625	-0.16625
187	923	-315	0.42875	-0.56	0.14875
187	924	-315	0.4025	-0.21875	0.23625
187	927	-315	0.56	-0.13125	0.175
180	922	-314	0.665	-0.2625	0.35
185	927	-317	0.8575	-0.8925	0.5775
189	925	-318	0.56875	-1.00625	0.8225
190	922	-318	0.58625	-0.58625	1.0325
187	924	-320	0.90125	-0.21	0.86625
187	925	-320	0.7875	-0.35	1.05875
190	922	-320	0.2625	-0.55125	1.12875
195	923	-318	0.00875	-0.44625	0.41125
191	923	-317	0.0525	0.04375	-0.14
185	925	-315	0.28	0.11375	-0.35
183	925	-315	0.35875	-0.30625	-0.07
188	923	-315	0.27125	-0.76125	0.77
196	924	-314	0.21	-0.665	0.77875
188	922	-315	0.63875	-0.34125	0.2625
187	930	-318	1.085	-0.595	-0.53375
184	926	-318	0.5075	-0.84	-0.51625
187	922	-315	0.16625	-0.805	0.20125
189	921	-316	0.28875	-0.28	0.5775
186	926	-316	0.70875	0.02625	0.7175
185	924	-317	0.7175	-0.2625	0.69125
190	924	-319	0.665	-0.77	0.7525
192	921	-319	0.4375	-0.62125	0.8575
194	921	-320	0.35875	-0.23625	0.86625
192	922	-319	0.41125	0.13125	0.76125
189	925	-320	0.46375	-0.1225	0.42875
192	925	-320	0.175	-0.46375	0.18375
193	923	-317	-0.16625	-0.3325	0.02625
191	920	-316	-0.14	0.035	0.23625
189	922	-316	0.21	0.1925	0.595
190	927	-315	0.21875	-0.0175	0.30625
192	923	-313	-0.11375	-0.09625	0.1925
192	925	-313	-0.0875	0.035	0.02625
182	925	-314	0.09625	-0.07	0.00875
189	928	-316	0.46375	-0.56	-0.1925
190	924	-316	0.455	-0.11375	-0.035
188	924	-315	0.44625	0.55125	0.385
188	924	-315	0.20125	0.70875	0.56875
191	923	-313	0.1575	0.49875	0.35
191	919	-313	0.28	0.39375	-0.07875
189	925	-315	0.735	0.1575	-0.175
186	926	-316	0.65625	-0.315	-0.32375
191	925	-317	0.55125	-0.74375	-0.13125
194	926	-317	0.55125	-0.315	0.39375
191	925	-315	0.44625	0.30625	0.69125
189	923	-314	0.32375	0.385	0.6475
189	923	-313	0.3675	0.00875	0.455
191	924	-314	0.525	-0.35	0.2275
192	925	-314	0.56875	-0.41125	-0.00875
190	925	-314	0.56875	-0.23625	-0.06125
191	922	-313	0.44625	-0.00875	0.35875
192	925	-312	0.49	0.07	0.21
189	925	-315	0.455	-0.245	-0.105
188	930	-317	0.65625	-0.69125	-0.5425
188	922	-316	0.41125	-0.6475	-0.39375
190	924	-316	0.39375	-0.245	0.49
192	924	-315	0.1925	0.28875	0.83125
192	925	-314	0.28	0.4725	0.5425
187	922	-313	0.35	0.2625	0.315
190	924	-315	0.63	-0.41125	0.41125
190	924	-315	0.51625	-0.69125	0.42
194	923	-315	0.3675	-0.76125	0.58625
195	922	-316	0.42	-0.28	0.8225
192	924	-317	0.6825	0.0875	0.53375
191	926	-317	0.49	-0.06125	0.30625
191	924	-315	-0.04375	-0.27125	0.23625
195	922	-312	-0.20125	-0.1575	0
192	922	-312	0.105	0.27125	-0.20125
187	926	-311	0.48125	0.16625	-0.2975
190	924	-312	0.385	-0.42875	0
193	926	-310	0.34125	-0.65625	0.245
190	923	-314	0.2625	-0.69125	0.07
187	929	-315	0.62125	-1.1375	-0.39375
188	925	-316	0.58625	-1.35625	-0.49875
192	926	-315	0.4725	-0.79625	0.3675
191	924	-314	0.1925	0.18375	0.665
188	925	-313	0.35	0.46375	0.7
186	923	-313	0.4025	0.02625	0.5425
191	924	-314	0.63875	-0.6475	0.525
192	923	-315	0.6125	-0.63	0.595
193	923	-316	0.58625	-0.3325	0.5775
192	925	-316	0.7	-0.07875	0.67375
191	926	-316	0.63	-0.14	0.62125
192	925	-316	0.385	-0.32375	0.42875
194	923	-316	0.1925	-0.315	0.2975
193	924	-314	0.11375	-0.07	0.11375
191	923	-312	0.2275	0.11375	0.035
188	923	-312	0.49875	-0.1225	0.0875
191	925	-313	0.65625	-0.60375	0.48125
195	924	-313	0.56875	-0.7525	0.6125
196	923	-314	0.3325	-0.455	0.0875
192	927	-316	0.665	-0.39375	-0.28875
186	928	-317	0.55125	-0.3325	-0.4025
190	925	-315	0.1925	-0.42875	0.0525
192	921	-313	0.0175	0.06125	0.58625
189	921	-313	0.34125	0.48125	0.83125
191	927	-313	0.53375	0.34125	0.595
189	922	-313	0.41125	-0.035	0.39375
192	924	-314	0.58625	-0.49875	0.245
192	923	-314	0.5425	-0.56	0.2275
195	924	-315	0.63875	-0.4725	0.175
194	924	-315	0.63875	-0.0175	0.46375
193	923	-315	0.48125	0.1575	0.525
193	921	-313	0.30625	-0.0875	0.4725
197	923	-312	0.2975	-0.56	0.175
197	923	-313	0.46375	-0.5425	-0.42
191	925	-315	0.735	-0.315	-0.77
187	927	-314	0.63875	-0.5075	-0.665
191	922	-313	0.27125	-0.735	0.07875
197	923	-313	0.23625	-0.55125	0.35875
189	922	-315	0.63	-0.2975	0.09625
188	929	-318	1.02375	-0.65625	-1.11125
185	926	-318	0.5775	-0.74375	-1.6975
186	925	-317	0.105	-0.41125	-0.9625
183	927	-317	0.02625	0.18375	-0.13125
182	927	-315	0.245	0.37625	0.21
180	922	-313	0.4375	0.06125	0.4025
185	926	-315	0.70875	-0.51625	0.595
185	925	-315	0.4725	-0.63	0.93625
190	923	-315	0.4725	-0.58625	1.16375
192	922	-316	0.7175	-0.14875	1.19875
191	925	-317	0.95375	0.07	1.085
192	927	-318	0.56875	0.0525	0.93625
194	925	-316	0.00875	0.04375	0.49
193	925	-313	-0.27125	0.13125	0.0875
189	922	-311	-0.1575	0.14875	0.34125
190	923	-311	0.39375	-0.105	0.60375
191	923	-313	0.6825	-0.20125	0.91
192	925	-313	0.70875	-0.44625	0.88375
197	924	-316	0.3675	-0.67375	0.46375
195	927	-317	0.5075	-0.60375	0.09625
190	921	-316	0.525	-0.23625	-0.14875
192	923	-315	0.56875	-0.16625	0.21
193	925	-314	0.18375	0.0875	0.39375
192	923	-312	0.14875	0.09625	0.39375
192	922	-311	0.3675	-0.175	0.04375
187	921	-312	0.805	-0.67375	-0.04375
192	926	-316	0.97125	-1.16375	0.23625
197	925	-317	0.595	-1.02375	0.37625
196	922	-315	0.46375	-0.35	0.105
190	923	-315	0.7	0.105	0
189	924	-316	0.7525	-0.14875	0
190	924	-316	0.56	-0.56	0.00875
194	923	-316	0.37625	-0.595	-0.1575
193	923	-315	0.455	-0.23625	-0.32375
188	925	-316	0.595	0.04375	-0.27125
188	925	-316	0.55125	-0.18375	-0.02625
190	923	-315	0.35875	-0.525	-0.00875
193	925	-315	0.175	-0.49	-0.4725
186	926	-316	0.4025	-0.455	-0.42875
185	928	-318	0.6125	-0.5775	-0.63
185	924	-316	0.39375	-0.56875	-0.245
187	923	-315	0.245	-0.34125	0.16625
186	923	-314	0.35	-0.06125	0.20125
187	928	-315	0.51625	-0.0175	0.21875
183	923	-314	0.42	-0.16625	0.39375
187	926	-315	0.6475	-0.70875	0.245
189	925	-317	0.55125	-0.7175	0.39375
189	923	-316	0.58625	-0.39375	0.735
188	923	-317	0.84875	-0.20125	0.65625
190	926	-319	0.84875	-0.3325	0.67375
190	925	-319	0.41125	-0.42	0.6125
192	924	-317	0.07875	-0.28875	0.21875
191	922	-316	0.06125	0.0175	-0.00875
188	922	-314	0.35	0.14	-0.09625
186	925	-315	0.5075	-0.0875	0.0525
188	925	-315	0.315	-0.385	0.49875
193	926	-314	0.20125	-0.5775	0.2975
187	922	-316	0.385	-0.455	0.23625
188	930	-318	0.70875	-0.55125	0.02625
185	924	-317	0.28	-0.51625	-0.0875
189	922	-315	0.0875	-0.34125	0.39375
190	922	-314	0.16625	0.1225	0.55125
188	926	-313	0.48125	0.21875	0.28
185	922	-313	0.49	-0.00875	-0.00875
187	923	-314	0.735	-0.6825	0.175
192	927	-317	0.67375	-0.8225	0.28875
191	923	-317	0.60375	-0.4025	0.00875
186	924	-318	0.8925	-0.1925	-0.035
186	925	-319	0.77875	-0.46375	0.63875
192	923	-318	0.20125	-0.70875	0.88375
196	923	-317	0.13125	-0.37625	0.25375
191	923	-316	0.28875	0.28	-0.35
185	924	-315	0.525	0.32375	-0.42875
183	923	-315	0.58625	-0.2975	-0.41125
187	927	-316	0.56875	-0.81375	-0.18375
188	924	-317	0.2275	-0.7175	0.245
193	928	-316	0.21	-0.4025	0.07
184	924	-317	0.245	0.0875	0.035
182	930	-318	0.60375	-0.21875	-0.09625
184	925	-318	0.02625	-0.4375	0.13125
189	923	-314	-0.46375	-0.11375	0.51625
188	923	-313	-0.315	0.49	0.48125
183	928	-312	0.30625	0.49875	0.39375
181	923	-312	0.28875	0.0175	0.4725
188	924	-314	0.4375	-0.595	0.9625
192	926	-315	0.49875	-0.3325	1.365
191	924	-315	0.58625	0.1225	1.35625
191	922	-315	0.84	0	1.015
190	921	-316	0.9625	-0.49	0.7875
196	924	-318	0.665	-0.8225	0.46375
198	926	-318	0.14875	-0.34125	-0.035
192	925	-314	-0.105	0.2975	-0.4025
186	922	-312	0.0175	0.32375	-0.37625
189	923	-312	0.35875	-0.14	0.1575
191	925	-313	0.525	-0.42	0.5775
193	921	-314	0.525	-0.4375	0.6475
195	925	-314	0.6125	-0.35	0.25375
190	925	-316	0.49875	-0.21	0.14
188	929	-316	0.46375	-0.385	-0.56875
186	922	-314	0.20125	-0.41125	-0.56875
