A_X [mg] 	 A_Y [mg] 	 A_Z [mg] 	G_X [dps] 	 G_Y [dps] 	 G_Z [dps] 
241	914	-117	0.385	-1.58375	0.8575
251	900	-119	4.06	-3.38625	1.72375
259	907	-132	8.0675	-4.9525	4.66375
271	907	-145	9.0125	-6.65875	6.15125
276	904	-162	8.96875	-7.63	4.10375
280	915	-166	9.38875	-7.7	-0.04375
263	908	-163	9.72125	-6.69375	-1.61
260	882	-171	11.8825	-6.9475	0.945
225	869	-165	16.66	-8.4175	3.465
224	863	-181	24.1675	-14.28	3.43
228	860	-210	31.4038	-19.95	4.59375
161	835	-228	38.6488	-27.2475	5.95
223	851	-275	46.9525	-40.635	6.69375
204	813	-330	51.275	-47.6	8.56625
231	834	-386	56.6125	-55.2388	10.9375
257	837	-441	57.7675	-57.3125	11.0513
243	812	-495	56.3675	-53.9088	11.5063
257	846	-543	54.25	-49.0875	14.98
214	842	-576	46.5413	-42.7088	17.15
298	816	-626	37.2138	-37.9838	19.215
271	881	-693	25.5325	-23.4325	18.7775
314	938	-737	3.85	-7.8575	13.2563
337	885	-722	-23.1613	13.6588	8.68
345	842	-664	-43.4525	37.5375	4.5325
291	811	-585	-58.1875	56.7963	3.40375
275	794	-511	-66.6138	65.4413	4.68125
262	808	-429	-69.3788	68.2938	4.7075
325	827	-371	-69.8775	66.3863	3.84125
360	820	-317	-68.9588	69.4138	2.8175
363	850	-247	-65.52	72.6513	1.53125
365	848	-188	-63.8663	74.9263	-3.21125
382	864	-140	-61.8975	76.3875	-3.22
364	887	-92	-61.5475	77.9888	3.29
392	887	-38	-63.315	78.855	5.50375
345	857	28	-64.3563	80.8763	4.90875
286	835	112	-61.6525	73.6313	7.42
262	800	225	-53.6113	57.7675	3.5
201	758	312	-40.425	34.8338	0.5425
252	725	357	-19.81	7.97125	-0.91875
237	739	345	6.44875	-11.6813	-1.8375
275	768	273	30.7213	-32.62	1.32125
349	831	182	48.5188	-47.95	5.52125
335	843	117	56.28	-52.885	4.78625
408	822	37	61.8625	-59.115	4.03375
378	820	-25	66.9463	-57.3475	3.885
400	873	-112	72.0388	-61.145	3.87625
390	897	-166	67.7425	-61.3288	3.78875
348	862	-223	60.725	-63.77	1.74125
392	842	-268	58.1088	-68.7663	3.3775
358	838	-312	57.1375	-69.4225	4.29625
431	833	-364	54.4075	-68.1538	2.8525
322	758	-400	54.565	-59.1675	3.91125
362	770	-450	61.425	-61.2675	6.01125
358	782	-495	61.95	-58.9925	5.24125
279	746	-535	57.4963	-55.3088	2.38
317	765	-598	54.88	-60.0863	4.2
352	790	-684	47.355	-55.405	4.12125
297	896	-741	31.22	-41.09	-1.015
346	871	-782	3.21125	-27.9388	-3.535
362	851	-786	-20.7463	-3.50875	-4.22625
283	823	-710	-40.705	21.84	-2.73
303	750	-633	-53.6638	35.7263	1.51375
297	761	-567	-56.4988	48.9563	2.765
274	793	-516	-57.9163	56.35	1.5575
312	810	-464	-60.7775	58.1788	1.12
322	806	-409	-63.63	59.955	2.30125
384	820	-364	-63.7525	61.145	1.995
371	814	-305	-62.37	67.8388	-1.015
404	843	-252	-59.4913	71.8725	-3.185
368	840	-196	-58.3538	77.9625	-1.155
352	852	-129	-55.4575	76.2563	4.3925
378	886	-82	-52.815	72.905	4.48
408	884	-38	-54.6875	73.7538	3.00125
408	865	22	-56.6388	76.7113	5.99375
403	841	67	-55.4225	78.645	11.2
271	802	172	-48.6938	76.1075	9.28375
225	773	268	-37.0913	52.3338	4.865
264	741	309	-19.3288	24.78	0.7
215	759	320	2.3975	-1.40875	0.35
305	758	261	22.5138	-30.4238	-2.28375
344	814	189	39.2	-47.0313	-2.82625
312	837	134	47.6613	-58.135	-3.47375
458	843	56	53.3838	-66.5175	-6.9825
376	816	-1	58.1613	-58.905	-11.165
381	859	-81	65.0563	-62.055	-4.0775
362	917	-140	64.1025	-64.085	5.81875
364	877	-200	57.8988	-66.6925	2.77375
445	855	-250	55.4225	-64.54	0.3325
361	845	-295	54.04	-57.155	1.75
395	845	-326	51.9925	-57.3738	5.3375
377	793	-355	50.3038	-53.025	4.4275
348	736	-396	55.9038	-49.315	0.875
298	744	-442	65.4413	-50.4	0.0175
412	789	-515	69.0638	-53.2875	4.92625
334	768	-569	63.56	-41.9738	8.67125
267	770	-605	57.3825	-39.725	5.8275
278	784	-636	47.4513	-43.7675	2.87875
290	778	-688	33.2763	-44.4938	2.96625
307	782	-744	18.9438	-40.32	3.815
362	796	-780	3.08	-26.6963	1.6625
296	806	-756	-14.3413	-4.13875	0.14
326	763	-726	-29.8375	12.8188	-0.28
308	763	-671	-39.3925	30.6338	0.9275
322	755	-631	-46.6463	43.2425	2.0475
311	761	-578	-51.0563	55.0025	-0.23625
313	770	-522	-53.6375	61.4863	-0.63875
320	789	-475	-55.3613	63.4988	0.98
314	777	-425	-56.2013	62.6763	3.045
364	801	-369	-53.6813	60.9263	1.9425
341	792	-312	-51.6688	60.6988	0.42875
410	824	-274	-47.67	56.665	1.715
379	819	-235	-44.1525	58.3975	4.655
454	879	-209	-41.6238	57.7238	3.9725
378	836	-161	-45.4213	62.2825	1.86375
426	877	-107	-46.3663	55.475	4.1825
452	883	-78	-49.8575	53.9788	2.345
439	850	-34	-55.3	55.9738	0.0525
435	827	34	-56.4725	53.725	2.03875
434	826	85	-53.3313	50.925	2.42375
415	828	141	-50.5575	46.7688	2.40625
382	775	211	-46.2175	40.495	-1.40875
324	747	287	-32.1038	29.2688	-6.4225
276	742	331	-13.5538	9.51125	-5.94125
358	731	304	7.595	-10.4913	-3.98125
330	774	259	27.9038	-21.28	0.44625
359	803	194	42.385	-35.0613	2.5025
406	827	131	51.4675	-44.9838	1.23375
423	834	70	54.9063	-48.685	1.9425
429	823	5	57.365	-51.0475	2.135
473	859	-71	60.41	-49.8838	2.14375
388	881	-123	58.0388	-47.8713	3.17625
480	891	-163	51.6688	-51.9488	1.575
409	821	-186	45.535	-45.5613	-2.26625
401	788	-222	50.2163	-46.76	-3.255
403	816	-275	57.0238	-48.7638	1.8025
386	828	-310	57.68	-51.2313	6.02
412	779	-361	56.2888	-52.43	5.71375
358	721	-409	60.305	-50.19	5.81875
407	736	-462	68.4688	-53.1913	7
392	732	-533	70.6825	-49.6125	8.6625
342	787	-588	65.8525	-48.02	9.73875
429	796	-636	52.5438	-48.2038	10.9725
377	741	-676	37.9138	-38.3163	10.5788
369	741	-704	25.6113	-31.5788	7.55125
399	750	-722	11.9788	-22.365	4.13
359	733	-729	-1.82875	-8.44375	1.365
415	771	-749	-14.98	3.955	-1.12
401	808	-722	-31.5	24.0275	-4.9875
380	766	-664	-48.5713	40.4163	-4.75125
394	741	-609	-59.1588	52.71	-4.1125
327	716	-533	-64.2338	60.69	-5.0925
359	745	-471	-64.4613	57.4963	-4.73375
372	766	-413	-64.0938	56.0788	-3.31625
377	781	-361	-62.9038	52.5088	0.42875
448	799	-303	-59.8413	49.91	-0.09625
418	776	-254	-56.9188	52.9375	-2.73
454	822	-212	-51.8525	51.8613	-6.11625
423	816	-165	-50.3563	53.1388	-5.425
469	862	-125	-48.51	51.2225	-2.9925
466	861	-94	-50.6538	55.5538	-6.4225
445	851	-53	-53.7775	58.2575	-8.4525
463	857	9	-54.9675	57.9688	-10.1063
511	848	28	-55.9738	61.95	-8.75875
290	781	105	-53.2875	68.8888	-3.605
297	771	236	-39.655	50.015	-7.0525
295	759	284	-24.22	29.5488	-5.985
315	808	282	-7.39375	11.5325	-2.3625
290	834	274	3.6225	-2.8175	0.3325
330	814	258	11.4275	-18.4538	2.63375
348	813	220	21.14	-29.4263	4.59375
370	794	168	31.465	-38.9113	6.32625
388	814	128	41.7638	-46.2088	5.0225
405	795	67	49.2975	-52.885	0.77
482	825	0	56.3325	-55.055	-1.54
379	819	-54	60.0775	-50.3738	-3.0625
392	856	-121	64.925	-56.5513	-4.40125
362	850	-180	64.8463	-61.2325	-6.60625
387	852	-241	64.7238	-66.6925	-7.65625
372	843	-291	63.315	-67.445	-4.2525
366	857	-347	61.4163	-67.8213	-1.88125
415	843	-399	57.5225	-62.6413	2.5375
272	806	-427	54.8188	-53.8213	9.37125
378	804	-473	54.1713	-60.0513	16.5725
356	749	-505	50.6363	-55.5888	22.715
275	742	-541	49.525	-55.0025	23.765
404	754	-599	46.1125	-60.8388	24.01
351	756	-649	38.08	-50.4175	20.8163
345	807	-698	25.1913	-44.6163	15.2688
439	761	-747	8.015	-33.4338	8.5225
364	763	-730	-4.73375	-8.11125	0.805
399	759	-739	-16.2575	9.87	-4.05125
387	797	-709	-27.7988	33.9588	-8.6975
350	754	-648	-40.705	51.94	-7.385
385	755	-599	-48.7113	63.0788	-7.805
356	760	-543	-53.7338	73.3338	-10.6138
347	769	-479	-57.9338	76.1513	-12.4775
362	792	-423	-60.725	75.1275	-11.1738
378	819	-361	-62.1075	73.045	-7.93625
394	818	-300	-63.8138	71.9513	-5.81
399	804	-242	-63.7788	71.5575	-6.545
407	842	-188	-59.9988	70.7613	-5.29375
410	872	-137	-60.025	70.595	-2.98375
423	873	-86	-63.4463	71.1113	-2.66
405	840	-20	-65.5725	72.0213	-0.84
390	823	46	-62.5625	68.2238	6.2825
336	798	134	-55.1075	59.6838	8.0325
327	757	222	-43.61	43.8988	5.985
255	738	302	-27.1863	24.22	3.85
317	736	297	-6.0025	-1.79375	1.88125
365	775	270	14.3238	-18.3488	3.4125
333	765	213	28.0788	-31.395	5.53
409	798	147	42.105	-47.4513	6.65
435	808	84	49.6125	-54.8975	4.15625
472	800	12	54.7925	-57.2338	2.135
433	812	-55	60.0863	-56.8313	2.02125
465	859	-124	62.2125	-59.675	1.4525
430	842	-181	58.3975	-59.815	-0.70875
478	860	-229	55.1425	-61.3375	-1.925
441	825	-273	49.98	-55.9913	-2.49375
423	835	-306	48.685	-54.7138	-0.56875
466	848	-340	44.4063	-52.395	0.39375
382	782	-373	40.215	-45.0275	-1.54
399	774	-397	43.295	-46.5063	0.2625
360	776	-425	44.8175	-46.1475	3.10625
309	729	-461	45.535	-49.035	3.815
334	730	-503	49.7613	-57.6188	6.8775
317	735	-553	49.8313	-61.5913	8.58375
322	735	-615	45.6575	-62.9563	7.98875
363	784	-695	38.0713	-60.1913	8.6275
420	817	-768	22.435	-45.5263	5.8275
395	822	-802	2.695	-19.5825	-1.26
370	817	-768	-19.0925	6.58	-6.25625
348	722	-701	-35.3938	28.5163	-6.81625
333	739	-648	-40.7838	45.3513	-6.60625
327	755	-591	-45.3338	56.7875	-7.21875
332	753	-548	-49.455	62.3525	-6.09875
338	755	-492	-50.6625	65.485	-7.20125
355	791	-446	-50.6538	65.7913	-6.01125
371	804	-402	-51.94	66.5963	-6.1425
346	783	-345	-52.255	65.5025	-7.62125
397	811	-301	-48.9563	61.0225	-8.82875
378	840	-267	-47.2325	60.9788	-5.6175
409	848	-225	-48.1513	59.8325	-2.66875
386	853	-173	-48.8338	60.0775	-2.12625
404	870	-129	-48.9388	56.7613	-1.575
418	859	-87	-50.54	55.2388	-2.17875
383	862	-33	-51.2225	53.4188	-0.67375
393	854	18	-50.4875	48.1688	0.42875
436	861	56	-48.5275	45.2813	1.1725
448	865	89	-48.2213	47.495	4.76
403	785	149	-46.3138	52.115	0.49
347	783	230	-35.105	46.9088	-0.83125
312	799	282	-23.6688	33.845	2.5375
294	789	321	-11.7775	19.9938	-3.45625
204	799	339	0.945	0.035	-3.185
288	782	298	14.2275	-28.4725	2.87875
364	801	230	27.9738	-45.9463	7.7
417	841	165	36.0413	-52.675	7.62125
364	816	125	39.2088	-54.81	4.03375
441	804	60	46.1038	-63.6038	2.42375
454	811	6	52.2813	-63.3938	1.86375
439	832	-66	57.33	-62.6063	0.9625
474	864	-142	58.8263	-60.795	0.32375
403	878	-177	53.8825	-57.8638	0.69125
426	880	-199	46.6725	-62.0813	3.5
467	815	-250	41.0813	-60.585	5.39875
388	796	-284	43.7238	-55.6063	6.08125
482	836	-324	46.6288	-56.735	3.87625
378	769	-350	45.4825	-47.6788	2.00375
414	763	-393	50.0238	-49.2538	3.75375
400	759	-439	53.34	-46.6813	6.95625
342	775	-482	53.305	-45.2375	6.81625
394	775	-521	49.2275	-48.2563	7.28875
373	746	-559	43.7938	-43.995	8.23375
349	729	-604	39.6638	-41.0113	7.76125
372	765	-654	33.5825	-37.975	4.5675
394	786	-697	21.7788	-27.9738	0.4725
396	764	-724	7.58625	-12.8888	-2.87875
390	766	-721	-5.5125	5.8625	-6.90375
389	793	-712	-18.3838	23.8	-9.0825
398	776	-669	-32.1038	42.0788	-8.93375
365	739	-602	-41.7638	57.295	-7.56875
350	765	-551	-46.9175	63.6913	-8.89875
364	778	-501	-51.8263	65.9313	-10.7013
356	791	-448	-57.1725	66.2288	-8.49625
383	800	-389	-61.005	63.6388	-7.84875
400	779	-336	-61.8363	60.9525	-7.97125
422	803	-289	-58.7738	60.1213	-10.0975
394	812	-235	-56.665	61.3725	-10.2725
411	846	-185	-54.5475	59.5963	-9.38
385	863	-137	-55.2388	59.1938	-7.76125
408	880	-88	-56.8225	55.3	-4.0425
426	875	-44	-59.9375	54.7925	-0.5075
405	858	18	-61.46	55.1775	3.68375
415	855	72	-60.9525	53.4188	8.9075
375	791	148	-58.66	50.2425	11.0163
352	729	251	-46.27	40.1188	7.23625
325	729	305	-26.8625	24.4213	6.04625
294	761	320	-6.97375	4.305	6.6325
372	721	292	11.0775	-16.975	2.975
416	759	224	31.1325	-27.3438	1.19875
370	803	167	44.94	-34.4225	1.91625
401	856	112	51.6425	-45.5788	1.645
469	862	39	49.805	-51.17	2.45875
414	831	-3	47.5563	-50.1113	3.96375
503	844	-69	48.8075	-53.7863	7.105
479	853	-106	46.8913	-48.5538	7.97125
405	825	-125	44.9663	-48.44	3.9725
472	797	-172	46.8738	-53.9088	1.0675
432	794	-222	50.4613	-53.4888	2.765
497	836	-269	51.7213	-55.58	5.6
442	790	-309	48.72	-49.2888	5.31125
414	765	-346	50.8463	-49.7438	3.885
422	733	-388	54.8363	-52.22	4.2175
405	740	-437	59.4475	-53.2788	4.3925
427	753	-498	60.5325	-53.3225	4.9175
408	769	-552	55.3263	-49.595	5.88
380	754	-592	46.6638	-45.9025	5.46875
399	728	-631	37.7388	-44.3625	6.43125
345	759	-681	29.015	-39.1125	5.36375
434	819	-744	13.8163	-34.51	0.51625
449	790	-762	-7.44625	-13.055	-5.43375
425	780	-742	-25.5938	11.8388	-6.39625
402	767	-681	-39.76	34.4225	-6.25625
388	735	-610	-49.0788	51.2313	-4.9
332	718	-538	-53.62	59.7713	-2.98375
366	742	-493	-53.8038	57.9075	-1.72375
419	777	-449	-53.76	59.1675	-2.7125
375	766	-391	-54.9763	62.0288	-3.675
458	805	-341	-53.8475	58.485	-5.1975
482	813	-309	-54.7838	63.3675	-7.25375
460	806	-263	-56.14	70.5163	-10.3075
450	822	-197	-56.3325	72.8788	-11.2613
383	816	-126	-56.2713	71.6188	-10.6663
419	854	-81	-53.4975	64.4788	-9.72125
418	846	-39	-53.7075	61.3288	-6.3525
419	834	22	-52.7888	57.82	-2.86125
451	845	64	-50.0413	55.3175	-1.32125
432	823	109	-48.1688	55.3613	0.91875
382	806	190	-43.9688	52.4038	-1.19
325	760	258	-35.2538	43.0413	-6.335
296	768	308	-19.6263	26.7488	-7.7875
240	804	325	-4.76875	5.74875	-5.52125
322	787	299	7.6475	-16.8963	-1.925
363	783	260	21.7525	-28.3938	3.71
348	809	214	34.3175	-36.9688	7.25375
371	826	157	42.07	-48.6938	7.0175
425	827	90	46.5325	-57.645	5.31125
449	823	35	49.455	-58.7563	3.955
424	824	-23	52.6838	-58.7825	3.87625
483	872	-94	54.2938	-59.255	4.99625
374	886	-128	49.1838	-57.0588	3.75375
462	854	-169	43.2688	-63.595	3.7275
447	801	-215	41.6325	-61.2325	5.01375
431	807	-249	45.6313	-60.3313	5.1275
472	805	-291	47.4075	-59.2813	3.535
377	758	-332	49.6038	-53.83	1.995
443	782	-383	55.8338	-56.805	2.3275
407	775	-435	56.4638	-50.7063	2.09125
351	790	-471	55.7375	-47.6963	1.3825
382	789	-513	51.5113	-50.4525	4.795
325	770	-542	43.6275	-49.7613	7.98875
296	772	-577	35.6825	-55.2913	8.91625
390	771	-656	25.9088	-60.7775	9.45875
404	783	-700	13.7988	-46.5763	4.725
400	771	-711	2.05625	-26.2238	-1.18125
388	773	-720	-8.085	-3.57875	-3.3425
355	799	-696	-19.1188	18.4625	-3.675
330	743	-642	-29.9163	34.2213	-1.9075
368	736	-602	-34.4575	44.6775	0.3325
354	748	-548	-37.0125	55.7113	0.28875
310	758	-504	-38.9463	58.4763	-0.805
394	795	-469	-40.2238	55.8075	-3.01875
391	779	-433	-43.5838	59.2638	-1.74125
390	786	-391	-44.4413	59.2463	-2.40625
400	780	-343	-43.4	56.735	-6.23
419	796	-305	-42.1138	53.9613	-10.0625
415	813	-275	-41.79	52.3775	-11.7338
439	857	-245	-42.0613	51.1788	-11.5413
460	881	-212	-46.725	54.7925	-11.2963
443	895	-164	-53.55	60.5063	-11.2
435	891	-114	-61.1975	65.7037	-10.325
403	855	-52	-66.92	68.95	-7.1225
372	837	28	-66.29	66.5613	-3.31625
364	836	101	-61.0838	60.8563	0.0875
372	806	167	-54.3288	55.5625	5.06625
299	776	267	-43.5663	47.9238	7.9975
259	737	325	-26.8538	29.75	3.7975
289	765	332	-5.24125	6.53625	4.06875
283	776	310	11.4975	-14.2538	4.515
403	767	249	26.5125	-31.1325	2.98375
392	806	190	39.27	-35.9188	3.59625
405	860	137	44.8088	-41.2913	4.9175
421	869	89	43.2775	-44.9663	3.8675
439	830	47	42.4375	-46.3138	2.02125
436	818	2	46.6813	-47.5913	2.16125
457	850	-60	50.5663	-48.9388	3.75375
395	859	-107	49.4288	-49.6213	3.84125
469	871	-150	45.9725	-54.7225	2.87875
424	826	-183	41.8338	-51.0825	1.785
436	830	-227	43.3825	-52.6225	2.21375
448	833	-264	43.155	-51.5025	3.40375
378	791	-298	43.3475	-49.6213	1.63625
435	783	-338	47.5825	-52.9463	2.49375
369	771	-376	50.995	-50.3825	3.9375
430	771	-430	54.0925	-52.0625	4.2
393	762	-472	54.4863	-46.2088	6.83375
351	767	-509	52.57	-44.3363	9.1175
357	762	-553	46.9525	-47.0225	10.325
336	761	-599	40.3813	-47.67	10.7013
396	811	-668	30.2663	-47.5475	10.8675
448	800	-716	13.195	-34.1513	6.15125
433	786	-739	-3.56125	-11.06	0.16625
420	844	-722	-20.3963	12.4513	-5.76625
364	754	-637	-39.0338	33.9675	-7.25375
310	722	-561	-46.9875	41.9388	-0.39375
367	745	-514	-48.0025	41.2475	2.03875
379	750	-478	-47.9238	44.3188	-1.18125
374	787	-428	-46.8038	46.6025	-6.23
389	848	-413	-49.4113	47.355	-9.91375
362	786	-373	-54.11	47.3288	-8.96875
440	810	-323	-51.8875	44.8788	-4.68125
388	822	-272	-50.6363	49.5163	0.14875
424	829	-234	-49.5338	47.95	-1.3475
418	799	-185	-47.1363	48.9125	-4.1825
452	852	-154	-42.4375	48.7113	-2.75625
447	869	-121	-42.8663	53.2	-2.0125
438	877	-75	-45.8413	56.0525	-0.5775
458	865	-36	-49.3938	58.17	0.58625
458	852	10	-51.6863	62.2388	2.24875
443	833	58	-51.625	65.24	2.9575
417	820	109	-47.6525	66.0013	1.02375
413	818	191	-41.545	64.0675	-0.875
300	763	269	-34.9738	59.4038	-3.1675
284	779	327	-20.8163	42.035	-1.77625
255	807	346	-7	22.1725	4.05125
316	822	337	3.57875	3.33375	7.60375
257	806	333	10.8675	-12.0225	10.4388
367	791	286	19.985	-34.2475	13.0725
368	774	237	29.7413	-46.3225	12.18
446	793	175	38.5788	-57.47	9.24875
437	809	128	42.8575	-60.34	6.58
504	796	53	46.375	-63.9888	3.87625
544	834	-5	49.6475	-58.0213	2.54625
452	839	-45	48.7988	-50.4525	1.1725
502	862	-91	47.0838	-51.3013	1.14625
498	858	-125	42.1838	-47.425	0.2975
439	816	-151	38.4563	-43.7675	-1.3125
431	800	-175	41.02	-46.8563	-1.435
458	791	-219	45.6663	-50.4613	0.27125
421	779	-262	50.015	-50.9163	1.995
453	777	-315	54.2325	-53.0075	1.12
444	767	-367	57.54	-49.525	0.84
378	783	-402	59.255	-47.6788	1.365
394	761	-447	58.0563	-52.4388	3.59625
365	741	-503	56.6038	-54.4513	5.80125
378	772	-575	51.9575	-57.0325	5.88
425	804	-641	41.5625	-53.0863	3.71
397	816	-690	26.53	-40.0488	1.53125
447	815	-730	8.085	-25.4713	0.06125
435	807	-719	-10.3863	-0.90125	-2.58125
390	757	-663	-25.3488	21	-3.77125
364	732	-609	-33.215	34.6675	-2.2225
364	756	-563	-37.4675	42.3325	-0.385
363	756	-523	-41.7113	46.375	0.49
403	769	-492	-44.6863	48.3438	0.34125
401	778	-450	-46.7338	52.6488	-1.23375
412	789	-411	-49.315	53.6638	-1.40875
460	802	-364	-50.8988	54.425	-2.3975
481	792	-314	-52.4563	59.64	-3.6575
441	759	-264	-51.2925	64.2513	-6.06375
402	771	-205	-44.87	62.0375	-9.84375
440	850	-165	-38.8675	55.5188	-10.6138
433	867	-138	-41.335	53.9088	-8.995
457	880	-106	-46.8388	52.92	-7.84
430	875	-53	-52.2638	53.2525	-6.32625
431	872	-1	-56.595	51.8438	-4.13
427	824	42	-57.9425	52.3338	-3.395
406	823	110	-53.8388	49.5513	2.66875
407	817	176	-49.0263	45.15	4.64625
382	758	247	-39.865	43.1813	3.71875
330	772	320	-23.8613	34.86	6.5625
328	759	333	-8.12	19.9325	9.17
368	799	329	6.72875	4.865	13.16
328	772	301	15.925	-8.14625	13.5013
388	772	260	26.6	-25.515	14.1838
393	766	201	35.63	-39.7775	13.8338
494	798	135	42.8925	-52.5088	10.43
501	813	82	44.485	-52.9638	3.29875
522	811	24	45.2463	-51.8438	-2.31875
514	834	-13	45.6313	-48.0463	-3.12375
522	831	-65	44.135	-44.4675	-1.89
477	848	-97	42.21	-39.8388	-0.16625
462	831	-127	39.4625	-41.5363	1.16375
480	818	-154	38.4125	-44.9225	1.86375
474	795	-193	38.5613	-45.9725	-0.00875
465	774	-229	41.2738	-47.075	-1.37375
429	760	-271	46.4538	-50.015	-0.69125
401	758	-316	52.0625	-55.5975	-0.62125
400	770	-364	56.5863	-62.0988	-1.6975
422	755	-421	58.4588	-64.4175	-0.07875
448	782	-480	58.66	-62.7025	4.66375
408	769	-523	53.305	-55.475	9.31875
394	766	-567	46.5413	-53.1388	11.3925
439	766	-614	38.5175	-49.8838	9.40625
407	772	-664	27.9913	-37.2225	-1.4
434	769	-700	15.4613	-23.2488	-10.605
415	753	-698	3.03625	-4.62875	-9.59875
360	785	-689	-9.93125	11.1125	-6.20375
359	753	-658	-23.905	20.6325	-5.3725
378	717	-612	-31.9375	29.1025	-5.69625
387	741	-581	-34.685	38.0625	-4.9525
364	775	-545	-38.5	45.5088	-3.3075
371	759	-506	-43.4963	48.2825	-1.65375
412	770	-462	-45.2025	49.8838	-0.98
428	795	-429	-46.1913	53.935	-0.79625
433	790	-385	-48.8775	57.47	-0.14
436	791	-340	-50.4088	58.66	-1.015
442	809	-288	-51.2925	58.8088	-4.41
462	812	-249	-52.7888	57.9775	-5.87125
475	830	-210	-53.6288	59.6313	-7.245
459	835	-156	-55.72	61.8538	-8.05875
444	851	-94	-58.205	61.5738	-8.7325
458	848	-48	-61.4688	61.67	-9.8175
446	821	11	-61.5038	62.9563	-7.46375
439	837	79	-57.6888	62.2213	-1.79375
387	788	152	-54.1363	61.0838	-1.33
303	773	255	-43.8988	50.925	-1.4
266	737	327	-28.5863	30.415	-3.9375
325	781	312	-9.2225	6.83375	-1.51375
350	833	280	2.16125	-9.23125	3.78875
406	859	242	5.17125	-20.09	4.27875
369	823	236	4.26125	-26.1975	0.21
403	796	220	9.0475	-36.2863	-5.005
417	785	193	17.675	-41.4138	-5.43375
352	791	174	28.63	-46.0163	-4.1125
476	809	114	40.2325	-55.0638	-2.10875
446	808	59	47.5038	-50.2775	0.1225
456	833	3	53.4363	-49.2713	2.0125
453	886	-51	53.8913	-48.0025	4.05125
385	946	-101	45.5963	-49.8575	5.67875
387	918	-125	28.2888	-61.4775	9.205
465	775	-153	19.0225	-70.4025	9.275
458	737	-187	29.2425	-68.3287	4.48
399	771	-220	43.2688	-66.1325	-1.91625
449	759	-271	52.1675	-68.005	-5.3375
406	710	-332	63.6913	-61.7663	-4.08625
389	752	-395	77.4113	-59.7888	-1.16375
437	776	-470	82.1625	-56.525	2.73875
421	796	-550	78.12	-47.74	6.93
457	817	-628	67.445	-36.9075	8.02375
406	862	-675	49.4638	-22.0675	5.53
430	823	-702	25.3138	-10.955	2.3975
381	786	-691	4.17375	2.68625	-1.21625
402	757	-666	-11.3225	11.76	-4.1825
395	744	-634	-22.4875	23.2663	-5.55625
378	721	-590	-29.5575	32.3663	-4.24375
405	756	-565	-32.9525	38.0625	-2.44125
407	762	-531	-38.4213	45.0975	-1.58375
387	790	-492	-43.4263	47.7575	-1.19875
396	902	-472	-53.165	45.9463	-1.5225
330	794	-427	-72.5288	40.4425	2.03875
466	756	-350	-77.595	28.9888	0.34125
512	749	-288	-72.135	34.5713	-6.405
403	765	-225	-64.6188	43.155	-10.815
448	805	-178	-56.1488	41.0638	-11.1388
458	838	-144	-50.9075	44.4763	-8.74125
462	869	-103	-50.2075	49.4463	-3.64
480	879	-69	-52.3163	55.93	0.35
475	890	-31	-56.8838	64.5663	6.5625
445	862	40	-64.1113	70.9975	14.6913
409	786	121	-63.5163	72.52	14.3063
398	749	217	-54.4075	63.7263	17.2375
359	703	324	-41.0025	50.3825	13.5363
379	695	350	-20.7813	33.215	3.325
373	793	337	-3.3775	15.4875	1.155
387	793	333	1.79375	1.68	-4.48875
431	755	316	8.82	-6.3	-8.7675
406	775	295	19.1013	-10.78	-5.59125
396	783	268	28.6388	-17.885	-5.24125
406	785	221	38.36	-26.425	-7.55125
416	820	171	45.4125	-33.2588	-6.25625
428	828	118	48.3525	-38.99	-4.2175
498	861	65	49.4375	-38.9725	-4.85625
412	856	20	47.6438	-32.7163	-6.83375
443	881	-18	47.1888	-35.7263	-6.16
391	856	-56	44.1175	-36.4438	-4.43625
407	839	-103	44.4675	-41.6588	-2.42375
390	830	-136	47.3638	-44.7038	0.035
399	866	-159	49.735	-50.5925	3.43875
407	812	-199	48.545	-53.9175	7.1575
411	771	-253	53.235	-55.4138	8.9075
422	799	-317	60.2	-56.595	9.345
436	809	-370	61.4863	-55.3788	8.7675
443	785	-420	59.0975	-51.2925	4.96125
402	765	-469	57.33	-46.2438	0.7525
353	794	-503	54.005	-45.1675	-5.46
419	777	-555	46.7338	-44.3275	-6.8425
369	782	-601	40.11	-34.8863	-2.555
362	836	-650	29.4613	-27.7813	-0.04375
423	836	-686	12.285	-17.3863	-1.8725
388	815	-681	-6.0725	2.05625	-4.82125
359	797	-627	-21.6563	16.6425	-5.62625
338	757	-586	-32.6288	25.0425	-4.82125
354	768	-548	-37.5375	30.5638	-4.97875
319	774	-509	-40.7575	35.8925	-3.57
363	810	-479	-42.9975	36.0675	-1.05875
337	799	-435	-45.6138	39.6638	-1.30375
361	803	-401	-46.6025	38.1063	-2.1875
423	809	-368	-46.6288	39.6375	-2.21375
371	802	-325	-45.9375	45.57	0.8925
409	854	-286	-43.4875	44.7563	3.14125
411	857	-249	-45.465	47.6875	3.07125
410	844	-210	-48.5013	47.67	4.8825
427	841	-166	-49.105	46.9525	5.355
417	860	-115	-48.44	46.41	5.565
458	865	-83	-50.295	45.045	6.4225
450	823	-41	-51.9488	46.0075	5.99375
498	850	4	-50.3475	45.7188	3.29875
496	823	48	-51.2313	51.2138	-4.50625
505	803	90	-49.6038	57.015	-11.0775
465	781	141	-44.5638	62.8163	-11.9963
406	813	212	-36.8988	65.0825	-11.3488
311	790	274	-29.2425	61.9063	-11.585
264	805	325	-18.025	47.4863	-7.105
208	835	363	-8.0675	27.9038	-2.37125
234	833	360	0.175	4.24375	0.69125
254	828	339	7.8575	-16.8788	4.05125
342	819	290	15.4	-33.8188	3.63125
364	819	258	22.2425	-40.3638	2.135
329	796	221	28.5863	-46.69	1.33875
451	822	162	37.0038	-56.3763	5.39875
431	839	122	40.7925	-51.59	7.37625
416	830	75	43.9513	-50.3738	4.585
448	847	32	47.8975	-50.9513	3.45625
389	849	-8	49.3588	-49.91	3.52625
468	855	-68	51.1613	-53.795	5.2325
415	853	-105	49.9363	-49.4813	7.0525
419	834	-151	49.9188	-51.9925	5.78375
453	814	-201	52.0538	-52.9725	5.20625
386	801	-235	54.285	-51.625	4.97875
448	785	-294	58.275	-56.1488	4.90875
426	780	-343	62.16	-52.8938	7.5075
415	806	-395	63.385	-51.6425	8.86375
448	778	-439	59.9813	-48.8075	9.625
395	703	-478	57.0588	-42.6213	11.2613
452	719	-528	62.5013	-41.265	20.6938
448	804	-603	60.2788	-32.095	21.4113
416	794	-661	44.2488	-22.2513	9.07375
457	776	-682	25.48	-17.15	2.17875
396	734	-672	8.14625	-7.60375	-1.30375
418	724	-663	-4.33125	-1.54875	-4.57625
426	718	-657	-13.1775	8.35625	-7.9625
455	754	-651	-21.6125	19.9588	-9.79125
432	739	-604	-31.5175	34.7638	-11.6025
392	731	-556	-37.975	43.1988	-10.2638
431	763	-522	-41.8425	46.1913	-10.2025
400	755	-478	-46.445	51.0738	-11.4538
392	760	-435	-49.2975	49.315	-9.33625
419	794	-394	-50.2513	46.2963	-6.3875
422	806	-359	-52.78	44.695	-5.53
456	794	-315	-55.055	44.8788	-6.71125
436	814	-260	-54.705	45.92	-4.20875
487	872	-222	-56.3063	45.7013	-2.8175
396	805	-155	-61.9325	50.2863	-4.66375
458	790	-93	-57.6538	42.42	-2.7475
529	846	-84	-51.2313	43.7238	0.8925
481	840	-34	-52.1588	53.655	8.19875
449	819	39	-49.4725	57.2338	6.7375
485	846	53	-47.2763	54.4863	10.3513
405	785	128	-47.32	53.6463	13.8513
438	765	211	-38.9463	43.6625	6.01125
403	775	245	-31.1938	33.46	8.61875
392	715	300	-20.65	20.475	6.04625
426	753	298	-2.65125	8.02375	-0.41125
383	792	282	7.63875	-5.32	1.5575
441	773	252	13.8075	-20.4138	1.00625
458	745	216	22.3738	-28.2363	-0.875
448	778	188	33.5738	-34.1338	-2.8525
479	799	138	40.5913	-41.1775	-5.4075
535	803	76	44.4325	-41.4225	-4.89125
434	813	49	47.4513	-36.75	-2.87
478	814	-8	51.0125	-43.4788	-2.45
471	834	-60	53.1125	-43.6975	-2.61625
445	841	-111	52.36	-47.2763	-3.325
501	834	-165	49.945	-50.1463	-2.49375
414	835	-195	47.4075	-48.16	-0.385
487	818	-236	45.6663	-53.7425	2.2575
465	767	-285	45.43	-49.735	3.82375
421	769	-315	50.1463	-48.8688	4.26125
525	796	-363	52.6488	-50.015	4.64625
449	759	-415	50.54	-39.2438	6.4225
340	751	-434	51.2313	-38.64	6.62375
424	744	-475	51.8525	-48.9913	8.63625
438	739	-537	48.5713	-49.4813	11.725
461	768	-586	41.6675	-42.035	9.52
396	753	-591	30.6688	-33.0488	6.7375
475	672	-630	24.0538	-29.7325	9.5025
411	726	-656	22.3213	-18.5675	7.00875
418	742	-672	11.48	-12.495	-0.39375
430	717	-685	-1.46125	-4.01625	-5.36375
430	755	-685	-12.845	7.735	-8.4
371	732	-642	-25.0513	18.9088	-9.1525
398	735	-608	-32.6988	23.1088	-7.42
389	738	-573	-37.9838	29.435	-5.565
405	741	-543	-41.86	33.5038	-5.50375
445	766	-512	-44.9575	39.9175	-6.6325
420	763	-475	-49.2363	47.2675	-5.145
424	779	-427	-51.9488	49.42	-5.46875
452	794	-388	-54.4688	51.3975	-7.58625
447	796	-335	-56.9975	54.8363	-6.5625
473	805	-287	-58.6775	56.63	-4.375
432	812	-223	-58.9925	60.3225	-6.44875
427	816	-170	-58.0038	57.5838	-7.98
459	838	-133	-56.595	54.3638	-6.93
477	857	-84	-58.3538	55.2038	-4.13875
453	841	-23	-61.4338	57.9775	-2.87875
449	818	37	-61.0663	57.6275	-0.70875
441	824	87	-57.085	55.0375	4.55875
444	842	143	-55.44	52.2288	9.6425
330	756	236	-53.27	47.2325	10.4475
380	679	345	-39.13	26.95	7.98
386	664	364	-13.2125	12.5913	-1.4
394	770	322	11.0425	0.1575	-3.955
367	792	290	20.3875	-11.4713	-1.7325
416	786	257	27.9388	-23.1788	-2.17
410	809	217	35.6738	-29.225	-3.47375
376	809	183	39.8563	-36.8288	-2.98375
450	783	128	46.935	-48.615	-2.51125
476	798	63	55.72	-48.685	-2.65125
429	817	-4	61.215	-47.0925	-3.0625
453	853	-67	63.8138	-50.1375	-1.5925
402	854	-117	60.935	-52.0713	-2.79125
449	821	-174	59.745	-57.1113	-6.27375
419	785	-226	63.1838	-54.7575	-7.07875
440	802	-290	69.2825	-54.46	-3.8675
366	795	-336	71.2425	-51.59	-0.0525
412	799	-404	72.3275	-55.23	4.24375
373	799	-463	69.16	-53.9263	9.8875
408	815	-514	62.3875	-55.2563	14
404	790	-552	51.4413	-51.135	18.83
401	766	-588	41.4575	-47.88	22.0325
430	768	-633	30.9925	-43.3388	19.6963
466	746	-655	17.5788	-31.78	11.9613
466	705	-683	7.7525	-13.4488	3.465
341	836	-681	-1.25125	3.29	-4.87375
374	734	-652	-21.07	4.66375	-3.98125
387	732	-608	-29.4	10.535	0.09625
352	746	-559	-33.32	16.835	-1.3475
378	727	-539	-36.225	17.9988	-2.96625
393	720	-530	-36.1638	20.6238	-3.01875
405	772	-506	-35.7525	24.1413	-4.20875
429	790	-502	-39.9788	30.3363	-5.95
425	789	-462	-44.0913	38.3863	-5.0225
447	808	-433	-48.055	45.4825	-1.33
327	765	-354	-50.61	51.275	-1.05
399	788	-281	-46.5763	39.2263	1.93375
475	798	-273	-42.49	37.0563	5.78375
462	827	-247	-40.1013	42.9713	5.15375
489	881	-215	-42.1838	46.62	1.56625
490	884	-180	-50.4963	52.4125	-0.37625
481	861	-134	-58.7475	58.4063	-1.42625
448	838	-63	-62.8775	61.2063	-1.98625
457	811	-6	-62.2125	61.145	-4.1825
434	803	48	-57.7588	60.3575	-2.8175
413	832	123	-51.765	55.5975	-1.645
401	787	190	-48.5625	50.12	-4.96125
338	749	272	-39.2	40.8975	-5.97625
307	754	320	-23.1788	24.08	-5.215
352	779	315	-6.01125	6.4925	-5.005
333	810	307	5.81875	-5.71375	-4.36625
387	800	267	14.7613	-18.2875	-0.86625
395	797	237	24.045	-23.555	3.87625
386	800	198	33.0925	-29.8288	5.13625
438	811	148	40.7575	-37.8525	5.25
444	815	99	44.555	-40.5563	4.025
450	806	53	49.2975	-42.7963	3.35125
411	810	0	55.265	-46.06	1.68
494	846	-66	58.625	-50.6625	1.995
412	836	-110	56.875	-48.2038	1.8025
472	835	-161	57.0413	-52.1938	-0.20125
419	809	-208	57.4613	-49.5425	-3.1675
415	794	-251	60.7688	-52.465	-5.43375
437	772	-305	64.8813	-53.2613	-1.4175
360	767	-359	70.1663	-52.08	3.91125
377	762	-418	74.0688	-56.9713	7.90125
421	784	-489	75.1013	-59.22	11.62
425	774	-568	68.5913	-53.9175	13.7288
410	812	-612	57.7938	-47.5125	11.76
459	806	-648	40.7138	-40.1713	9.30125
388	782	-676	22.4613	-27.4488	4.5675
426	767	-679	5.6525	-19.145	-2.0125
377	717	-661	-6.27375	-5.5825	-7
411	755	-672	-12.565	4.92625	-7.97125
374	756	-649	-22.855	19.04	-6.72
379	736	-616	-32.1388	27.7813	-4.36625
407	762	-594	-38.2025	36.9075	-2.17
335	749	-544	-44.345	44.3538	-0.42875
364	749	-490	-47.4425	41.23	-2.5025
412	744	-459	-47.3288	39.97	-4.13
462	788	-433	-46.8738	45.22	-3.43875
402	799	-379	-48.7113	52.4563	-3.9375
430	816	-341	-50.1725	51.2575	-5.57375
472	841	-302	-52.3863	53.6638	-6.25625
443	839	-257	-56.7613	59.7188	-5.985
462	856	-203	-60.2613	63.21	-8.2075
422	852	-137	-64.8375	66.9113	-8.785
389	822	-58	-66.4038	64.1988	-7.34125
417	812	-6	-61.0663	59.815	-6.37875
396	838	48	-53.55	56.3588	-0.7
387	849	106	-50.015	51.2663	5.48625
373	798	165	-45.9725	45.1325	5.075
356	777	234	-36.365	32.4975	6.4925
365	756	275	-24.115	17.7363	3.73625
384	752	275	-7.875	6.72875	0.30625
371	789	270	6.83375	-3.45625	2.49375
411	798	234	17.2113	-13.58	4.305
411	821	203	24.955	-18.6638	6.06375
349	813	180	30.2138	-26.1013	7.16625
452	807	126	37.4063	-39.5675	8.2775
449	812	81	42.7438	-41.51	9.73875
422	803	37	46.9088	-45.6313	9.2925
475	809	-21	51.52	-51.975	8.8375
450	818	-78	54.3288	-54.4075	8.21625
487	823	-128	55.4575	-59.1063	7.3675
487	805	-184	54.2063	-58.0913	5.215
484	786	-239	55.1863	-57.3913	3.5
492	783	-281	57.2338	-55.685	4.87375
415	766	-321	58.5113	-53.8825	4.3575
442	749	-377	61.6525	-58.9838	6.1075
454	758	-435	63.0175	-60.9963	9.44125
479	746	-500	60.935	-58.485	11.8738
449	776	-549	55.3963	-51.1438	10.5
456	793	-590	43.3388	-45.9375	8.2075
478	756	-629	28.56	-37.52	8.1725
412	740	-641	16.3363	-26.74	7.0175
464	723	-660	5.53	-20.7725	4.235
449	735	-666	-3.78	-6.99125	-0.49875
431	738	-654	-14.3413	5.32	-4.10375
425	725	-628	-24.0888	16.0738	-6.34375
404	771	-611	-31.0275	25.1913	-6.53625
376	785	-577	-39.8475	31.9288	-5.10125
389	741	-518	-46.5588	35.2013	-0.60375
424	723	-471	-48.1863	36.1638	6.99125
460	738	-431	-47.355	39.3225	8.8025
467	746	-396	-46.0163	42.945	6.86875
490	759	-359	-44.835	45.6138	5.08375
491	774	-313	-43.8725	47.1363	3.78875
571	772	-280	-43.1113	50.12	-1.05875
593	781	-249	-41.3525	62.615	-6.3175
545	799	-200	-41.09	75.39	-9.45875
523	834	-165	-43.0675	81.9613	-14.245
491	861	-122	-49.5425	85.2775	-15.75
438	851	-50	-58.2225	84.07	-13.3525
387	854	24	-63.1575	75.0575	-8.79375
253	813	118	-66.6663	54.5475	-1.225
392	748	208	-59.57	24.4738	-4.9
426	748	243	-46.9963	9.205	-0.35875
433	693	285	-33.2063	0.7175	0.98875
487	748	276	-11.6113	-2.63375	-0.98
433	775	272	-0.02625	-4.0425	4.34875
440	755	273	9.835	-10.2813	1.12875
443	754	236	22.7588	-17.2113	-0.665
425	779	203	33.18	-25.2525	0.8225
435	781	159	39.76	-36.12	-0.55125
517	804	96	45.0538	-43.3388	-2.23125
458	802	53	48.055	-41.405	-5.67
493	803	0	52.9288	-44.8613	-8.05
463	819	-49	56.875	-44.3713	-7.04375
435	816	-99	58.9225	-47.3988	-6.62375
423	801	-153	61.5913	-53.06	-6.37
422	813	-207	64.4	-58.5463	-4.935
467	789	-279	65.8	-60.48	-0.27125
435	787	-332	67.9963	-56.6388	4.62
441	794	-377	68.635	-54.8275	5.7925
437	754	-427	67.9438	-50.295	6.6325
386	723	-478	69.6238	-47.3113	10.5088
443	716	-552	70.735	-48.6063	16.9925
434	775	-613	65.1963	-43.1988	19.705
502	803	-667	48.335	-34.7288	18.83
425	771	-698	26.7575	-20.7288	15.4613
457	739	-710	7.105	-15.6975	8.3475
447	719	-701	-7.8575	-5.9675	-0.72625
438	759	-695	-20.3	4.97875	-8.11125
394	734	-651	-36.12	14.6913	-11.0688
424	696	-600	-46.3225	20.6325	-10.7625
426	722	-566	-49.1838	28.525	-11.9875
363	722	-520	-51.0125	34.1075	-15.5925
418	774	-485	-51.5725	32.6463	-16.3975
425	798	-449	-54.5475	38.3338	-14.0613
402	797	-401	-58.7738	42.77	-10.9463
427	775	-346	-59.6313	44.6513	-10.1763
440	808	-308	-55.9913	47.88	-8.05
434	844	-268	-55.405	52.7363	-7.34125
449	862	-220	-58.135	56.4375	-7.30625
435	873	-162	-62.4925	61.2325	-7.4025
396	870	-103	-66.8675	63.175	-6.69375
410	837	-48	-68.3287	62.0375	-5.215
405	832	36	-64.435	60.3225	-0.6475
402	811	78	-59.4038	60.5938	2.84375
331	785	170	-48.7288	55.825	9.1175
359	768	244	-36.4613	40.2063	13.7025
340	721	287	-20.125	26.6175	6.4225
388	772	277	-0.14	9.52	3.3775
402	818	241	12.3463	1.7325	1.4175
322	828	223	19.3638	-4.2875	1.18125
388	826	188	24.8238	-19.0925	6.195
380	815	165	29.4175	-27.7725	9.89625
425	803	122	36.1288	-38.4038	8.72375
496	811	61	42.7788	-41.475	4.87375
435	800	24	48.3088	-37.8525	1.0675
484	818	-27	54.9938	-40.8713	-1.0325
437	826	-83	57.96	-38.465	-1.35625
388	836	-124	59.6488	-43.3913	-1.33
470	842	-185	59.4038	-51.4063	-0.665
380	821	-236	57.2338	-49.8925	-0.32375
374	825	-268	58.1963	-58.6425	1.46125
477	823	-328	56.7963	-64.505	5.11875
382	799	-375	53.725	-58.205	6.88625
395	800	-408	52.5963	-61.1013	8.4875
443	769	-457	49.77	-60.4975	12.6263
337	738	-492	48.02	-55.4925	15.96
450	755	-551	47.0138	-60.9175	17.7363
456	751	-617	41.1775	-49.2188	15.855
423	794	-656	30.5988	-35.4375	9.695
452	756	-678	15.7675	-22.6975	3.56125
409	734	-674	4.235	-6.92125	-1.995
413	752	-669	-5.4775	6.0725	-8.39125
395	762	-655	-16.1	18.9613	-12.8975
407	755	-631	-26.9238	29.3388	-14.21
381	775	-602	-35.2363	40.3988	-15.0063
363	790	-556	-44.1438	47.7663	-13.405
339	778	-498	-51.6163	49.9713	-10.4913
364	783	-447	-55.2388	47.9063	-7.805
359	776	-397	-56.1663	45.8938	-5.08375
395	787	-357	-53.9175	42.8575	-3.73625
405	816	-312	-51.2138	43.1025	-2.79125
425	838	-275	-50.8725	44.5025	-2.24
412	842	-240	-52.43	45.9988	-1.75
420	864	-199	-54.635	45.8938	-1.995
439	858	-149	-58.0213	46.2438	-2.4675
430	866	-99	-60.2525	48.125	-1.54875
448	862	-49	-62.4925	49.5863	0.14875
431	819	14	-62.475	52.4475	1.23375
404	817	82	-57.19	51.1525	3.2725
401	798	139	-49.9538	45.4038	6.2825
385	787	203	-39.5063	38.6838	5.67
349	775	252	-28.2888	28.5163	2.38875
366	775	266	-15.4963	15.0763	1.96875
374	796	270	-3.28125	3.47375	2.56375
394	772	259	6.9125	-6.08125	0.2275
377	770	248	20.3613	-13.7375	-0.7875
377	776	199	33.5825	-25.48	-1.28625
419	827	145	44.4063	-35.4988	-3.19375
391	824	91	48.8075	-40.0313	-5.60875
417	844	41	52.6663	-47.3813	-5.3725
438	846	-18	53.7075	-50.4525	-2.9925
436	861	-73	54.2675	-49.385	-1.2775
363	841	-120	54.425	-49.07	-2.135
429	830	-170	57.5663	-55.5538	-2.7825
416	830	-221	59.3425	-53.9963	-1.53125
387	812	-271	60.6725	-53.0338	1.5225
390	813	-316	63.0525	-54.565	4.40125
393	794	-368	64.4175	-54.7925	5.0575
379	783	-419	65.2925	-52.6313	5.64375
363	763	-471	66.0888	-51.4325	8.26
348	757	-524	65.4062	-52.1675	13.0025
415	780	-583	60.5238	-53.8563	17.2725
411	786	-645	49.455	-43.7238	16.3363
367	809	-682	33.285	-33.1188	10.6225
435	776	-715	14.2188	-25.4275	6.60625
382	777	-715	-2.96625	-9.975	2.6775
389	753	-684	-19.0225	1.61	-1.28625
366	711	-647	-28.5775	14.455	-5.36375
375	740	-619	-31.99	24.2288	-6.4925
321	759	-586	-37.2488	31.8763	-5.29375
380	784	-559	-42.8838	34.4225	-4.06875
379	792	-520	-49.42	41.8163	-1.26
372	769	-474	-54.4075	45.885	-0.00875
390	760	-420	-53.69	47.5738	-1.74125
400	766	-381	-50.155	48.4138	-3.42125
418	806	-340	-46.4625	50.645	-4.585
420	827	-299	-46.5675	52.7975	-3.9375
431	848	-255	-48.5188	54.1363	-4.45375
438	862	-214	-52.2813	55.825	-5.18875
448	889	-172	-57.6625	58.1525	-4.4275
442	893	-128	-65.7213	61.6875	-2.5375
430	870	-78	-74.095	63.7613	-0.7875
391	815	20	-76.7463	62.09	-1.60125
375	771	103	-70.5163	55.7725	-2.555
373	760	191	-55.9825	45.5263	0.07
377	747	242	-39.06	36.8025	2.7825
342	770	290	-21.5425	26.32	6.13375
349	769	294	-6.81625	12.5563	4.26125
358	790	287	6.76375	0.3675	3.33375
359	795	264	16.975	-12.8888	3.96375
399	801	219	26.1625	-25.2175	3.01875
417	821	175	33.39	-32.06	3.3075
391	817	137	37.2838	-37.8963	4.34875
449	811	87	42.2625	-46.3138	3.36
455	812	36	47.7925	-47.5475	0.9275
434	828	-20	52.6488	-49	1.16375
419	842	-67	55.3263	-53.3138	1.8375
459	847	-121	55.0638	-57.3125	-0.56875
423	808	-166	54.1275	-56.5688	-3.03625
459	800	-224	57.7238	-57.8813	-1.18125
451	796	-286	61.5125	-53.97	3.0625
415	794	-322	64.1025	-50.0938	2.75625
422	772	-375	66.2988	-48.9038	0.105
437	763	-438	69.1075	-46.3225	1.84625
373	777	-484	68.0838	-41.6063	3.7275
395	797	-534	62.9038	-43.015	4.8825
390	804	-578	52.0275	-40.7838	6.32625
301	821	-616	36.5925	-39.4275	4.62875
377	802	-648	18.165	-45.5438	4.62
400	749	-658	2.54625	-39.375	4.3225
402	724	-663	-6.2825	-26.53	1.84625
405	742	-667	-10.5525	-10.4125	-2.58125
369	785	-668	-17.5438	7.28	-6.51
380	775	-634	-27.6063	22.0588	-7.72625
340	756	-592	-34.9825	34.23	-3.77125
372	807	-564	-40.7138	40.2938	0.77875
348	788	-523	-48.7375	47.355	3.64
361	755	-474	-53.5238	49.21	5.81875
418	777	-425	-52.85	50.5488	6.2825
424	784	-378	-51.9663	55.685	6.93875
414	782	-332	-50.9425	57.4088	6.99125
459	811	-285	-48.6938	57.1288	4.34875
462	810	-240	-49.1663	59.4038	2.77375
496	833	-201	-49.455	61.5738	-0.72625
473	854	-155	-52.1325	66.1938	-3.92875
471	854	-96	-56.8663	67.6638	-6.44875
468	818	-36	-59.4738	69.4838	-9.1525
422	805	33	-57.0938	69.6675	-8.61
379	814	102	-51.7038	63.1138	-6.2825
391	801	158	-44.555	53.48	-5.99375
335	804	222	-35.6825	43.4875	-1.72375
311	782	271	-25.48	28.14	1.26875
343	770	288	-10.8675	11.725	1.925
345	786	295	3.255	-2.24875	4.80375
388	762	257	16.1	-15.6363	5.15375
402	790	216	29.3563	-24.1413	7.2625
401	797	167	38.255	-32.235	6.93
460	815	112	45.3338	-39.5588	4.55875
420	815	62	49.1138	-41.125	3.47375
438	809	5	53.4625	-47.4425	4.31375
472	828	-52	57.3213	-52.675	5.495
462	837	-106	57.1813	-53.7338	3.885
474	831	-153	54.7313	-54.0838	2.00375
443	794	-192	53.6813	-53.165	2.03
458	784	-244	57.3738	-55.0375	3.57875
458	775	-300	61.3988	-54.7138	6.01125
456	765	-351	64.9688	-53.9613	7.51625
466	766	-401	67.3138	-51.625	8.95125
436	748	-453	66.0888	-47.495	8.33875
451	754	-509	64.1725	-45.7363	7.84
413	749	-564	58.1438	-42.0613	5.74875
415	772	-596	47.8538	-41.685	4.48875
441	752	-628	33.9675	-37.4938	5.46
423	735	-655	21.84	-29.2688	3.9725
420	720	-667	11.5675	-20.405	-2.17
436	690	-678	3.7625	-9.68625	-7.70875
378	773	-696	-2.6075	3.14125	-8.9425
354	799	-688	-20.1513	8.365	-5.57375
390	730	-643	-36.4963	12.7488	-2.5375
408	722	-614	-42.8225	21.4288	-2.03
405	741	-572	-46.9963	30.87	-1.16375
396	737	-527	-50.7675	38.325	-1.6275
396	748	-479	-51.5813	42.4725	-2.38
380	757	-435	-51.38	42.9275	-1.26875
432	804	-405	-51.1175	41.1338	-0.41125
429	808	-359	-53.9613	43.8113	-0.56875
457	821	-318	-57.225	44.695	-1.995
461	825	-266	-59.745	48.2388	-2.00375
407	795	-198	-60.7863	49.0438	-0.9975
467	828	-150	-57.5313	45.01	-2.7475
459	842	-115	-57.505	46.8738	-3.43
459	841	-60	-58.7738	47.6263	-4.08625
488	835	-12	-58.275	49.4463	-8.39125
466	814	40	-56.0875	53.375	-9.3625
426	817	95	-50.8288	55.0988	-8.21625
382	800	152	-43.4613	51.87	-4.90875
335	800	225	-34.1775	40.8975	0.14
318	773	264	-23.0825	26.6	-0.93625
333	788	269	-8.2425	10.4825	3.465
348	793	279	3.45625	-4.6025	7.13125
394	764	243	15.505	-16.7563	4.27
397	789	203	28.7088	-24.64	3.77125
385	796	167	38.2463	-33.1713	3.59625
436	801	105	46.7513	-42.9188	2.485
487	827	41	52.4038	-43.6888	0.4375
416	834	-4	54.985	-41.1163	-0.86625
445	849	-54	56.6125	-45.7975	0.30625
442	868	-95	54.8713	-48.8775	0.2275
472	865	-154	48.8688	-50.0588	-0.74375
430	845	-203	43.7325	-48.3525	-2.42375
436	823	-229	42.7525	-48.755	-3.3775
422	810	-260	45.1675	-46.9525	-1.4
401	803	-302	48.545	-45.745	0.97125
380	782	-341	51.1438	-46.9088	2.10875
404	753	-388	55.9738	-48.4575	4.97
348	767	-424	60.8563	-47.8275	7.7875
442	756	-488	61.2938	-50.54	10.1063
400	734	-547	60.3313	-42.2275	12.4163
370	751	-585	57.785	-37.8088	13.23
410	791	-616	49.0788	-35.665	12.5563
399	742	-660	35.4113	-27.0025	10.3513
361	767	-688	23.0213	-20.5713	6.72
424	745	-718	7.0525	-15.2513	1.35625
396	765	-718	-8.12	-1.51375	-4.41
391	742	-690	-23.345	10.605	-7.37625
390	735	-657	-33.8713	22.0238	-8.44375
371	751	-616	-41.7725	32.0513	-8.07625
368	744	-572	-49.5775	37.7388	-6.27375
387	741	-532	-53.4363	42.035	-6.3175
412	789	-494	-55.4225	47.145	-5.88
388	788	-446	-59.5525	52.115	-5.10125
412	786	-393	-61.2238	53.2175	-6.72
431	797	-336	-60.6988	55.9563	-8.82875
393	800	-282	-60.8563	58.3363	-8.715
410	831	-228	-58.8	56.4813	-8.155
414	859	-181	-58.31	56.805	-7.2975
386	869	-132	-60.6288	56.3938	-4.8825
404	881	-82	-62.7025	53.5413	-1.28625
410	875	-35	-65.3625	52.1325	3.57
411	832	32	-66.9988	50.2425	8.3475
418	804	103	-63	47.075	10.7538
412	792	161	-55.2125	42.1575	13.0638
395	768	222	-47.4513	33.985	14.2363
401	728	283	-34.9738	24.0188	6.6675
395	759	293	-18.3138	13.335	3.5525
391	798	301	-7.91	1.5225	3.3075
426	751	295	0.175	-6.965	-2.10875
424	763	279	13.4225	-12.25	-2.47625
428	781	247	25.0513	-18.3488	0.0875
431	784	206	34.5625	-24.1938	1.12875
410	806	167	41.5538	-31.1063	-0.02625
485	820	112	45.4563	-39.6725	-2.4325
467	815	67	47.0838	-37.6863	-4.10375
443	826	25	50.1113	-38.045	-3.85
409	838	-6	52.6663	-42.6038	-3.8325
440	836	-65	54.3375	-48.93	-5.6875
418	830	-118	55.9738	-51.4938	-4.305
418	831	-165	57.3213	-56.1488	-1.8725
470	819	-229	58.1613	-57.085	-0.5425
391	803	-272	59.2813	-52.1413	-0.5075
431	794	-322	62.405	-54.3113	-0.455
380	772	-366	64.47	-52.0363	1.5575
358	763	-420	67.9788	-55.3088	4.0425
415	755	-492	69.8688	-58.4588	8.26
372	786	-555	66.1938	-54.7925	11.3663
404	805	-626	55.7025	-52.6925	12.04
381	859	-681	38.29	-45.7975	9.98375
446	846	-717	13.055	-35.9538	6.5625
422	788	-712	-9.9575	-15.89	4.13875
404	736	-661	-24.255	2.7475	1.96
382	725	-622	-31.7888	17.535	1.33
382	742	-595	-35.9363	27.8075	0.86625
411	776	-569	-40.11	37.205	-2.05625
419	775	-533	-45.7188	48.7463	-2.765
394	777	-485	-50.1113	57.3213	-1.33875
416	788	-430	-53.095	61.005	-3.00125
419	801	-392	-56	63.14	-3.3075
447	816	-340	-58.835	65.205	-3.54375
480	845	-282	-62.4313	68.9238	-5.1275
465	821	-227	-66.9113	75.7138	-7.42
454	810	-158	-67.7163	79.1438	-7.9275
409	828	-77	-66.0275	80.3775	-7.76125
382	822	-19	-63.2538	76.1513	-6.04625
413	838	33	-58.3013	68.8363	1.11125
369	811	105	-53.7863	63.7	7.76125
360	798	191	-45.885	50.9513	8.60125
370	771	246	-37.7038	36.6713	7.0875
384	758	283	-27.0113	22.8288	6.1425
385	767	310	-14.1925	11.0338	4.69
392	768	300	-2.03	-0.1575	2.2575
419	805	280	7.63	-9.59875	3.15875
378	783	267	13.545	-16.975	3.2375
413	771	232	22.1113	-29.4788	4.8825
408	783	197	31.5263	-40.11	5.08375
469	780	143	39.8913	-49.9188	2.17
455	785	85	46.585	-52.64	-0.07
471	800	29	52.2375	-56.315	1.65375
445	805	-23	56.2888	-58.6863	4.8125
442	805	-90	60.6288	-64.1725	4.6375
500	820	-154	63.2013	-67.9	2.8525
431	779	-208	63.0963	-65.6075	1.4525
449	749	-263	68.1538	-70.0263	3.255
464	742	-333	74.69	-71.4175	6.3875
453	742	-410	79.3538	-69.0813	7.04375
435	753	-478	80.4475	-66.1763	6.3175
475	767	-554	75.8538	-62.8513	6.72
503	787	-629	64.4175	-51.6425	8.47875
459	821	-669	47.2938	-36.155	7.1225
473	789	-701	25.305	-24.3775	5.22375
440	757	-708	5.04	-10.1938	1.53125
422	731	-682	-11.2088	0.9975	-2.905
451	723	-670	-22.4263	12.1625	-4.57625
430	734	-628	-31.8675	26.0313	-3.64875
404	719	-583	-40.2063	34.5538	-2.07375
435	740	-549	-44.7213	38.5175	-1.715
421	755	-510	-49.3588	43.05	-1.39125
428	756	-457	-53.9	44.8	-2.695
436	758	-407	-56.3588	44.8263	-2.7475
482	777	-364	-57.1725	43.68	0.14
518	794	-325	-57.995	47.9675	-0.9975
505	793	-281	-59.535	54.845	-5.06625
530	794	-213	-60.3313	59.535	-9.91375
525	804	-170	-60.5063	66.9725	-14.7175
463	820	-120	-61.005	73.0363	-17.78
440	835	-45	-61.4775	72.5988	-20.2125
424	802	22	-59.6488	70	-19.74
406	834	78	-53.4363	65.7738	-14
377	853	140	-50.8725	61.425	-8.11125
328	830	217	-48.8425	54.74	-7.455
341	767	259	-42.5775	42.1488	-4.29625
307	741	337	-27.7463	29.1638	-1.16375
301	793	345	-10.0888	13.1775	-4.83875
379	810	310	1.8725	0.175	-1.89
350	826	309	9.065	-2.91375	4.85625
345	808	296	15.9338	-9.23125	7.63875
369	796	265	25.3138	-18.4363	11.7075
390	819	221	34.2125	-26.0488	14.5513
393	833	173	38.36	-32.8475	13.1863
452	866	132	37.8438	-39.3838	9.345
415	829	104	34.16	-40.3113	4.62
460	805	70	36.82	-44.3975	3.01875
436	817	38	42.8838	-46.165	4.47125
464	810	-16	48.3	-49.7613	6.1775
441	823	-70	52.5788	-51.3538	6.50125
466	832	-130	53.9088	-54.5125	5.215
444	805	-177	54.0225	-53.935	6.16
416	775	-220	57.7238	-57.1375	7.6475
482	760	-293	63.9888	-60.97	10.9025
431	764	-341	68.3638	-59.1238	14.4025
473	763	-397	69.51	-60.725	15.6625
446	718	-454	68.4075	-57.8813	16.2838
459	740	-510	68.6175	-58.5113	17.22
484	731	-575	62.3175	-53.8738	15.9513
412	749	-619	52.5963	-46.6375	12.3725
469	765	-670	37.4675	-45.4563	9.70375
425	741	-694	19.6175	-36.1813	5.635
437	706	-709	3.7275	-30.1	2.58125
446	707	-722	-7.88375	-18.8038	-1.295
418	709	-700	-18.5588	-4.45375	-4.725
440	686	-677	-27.2125	8.75	-5.22375
416	714	-648	-32.2525	23.485	-3.99875
406	732	-610	-38.745	33.8538	-3.07125
434	729	-577	-44.0125	41.09	-1.995
433	741	-528	-47.9938	49.2625	-0.315
392	733	-472	-51.0388	52.6313	-0.37625
455	752	-434	-51.3275	50.33	-1.47
487	768	-397	-51.7125	53.2175	-0.14
511	784	-356	-53.1038	59.08	0.21875
490	791	-304	-55.2125	64.855	-2.1
500	799	-249	-57.3913	66.5263	-3.9725
543	821	-209	-59.5963	70.4288	-6.88625
478	822	-150	-64.0938	77.7613	-8.32125
493	828	-67	-68.11	77.2625	-8.81125
451	776	7	-68.8538	77.1488	-11.0863
404	770	91	-62.3438	69.6675	-9.94875
402	785	173	-53.095	56.07	-7.93625
422	754	225	-44.625	45.6225	-6.23875
355	742	282	-32.445	35.7	-4.6725
358	768	319	-17.6138	18.6025	-6.62375
378	793	303	-4.47125	4.6375	-6.1425
352	808	294	4.9	-5.69625	-2.23125
373	792	272	13.125	-17.3775	2.0475
426	791	231	21.735	-26.635	6.90375
424	809	205	28.7525	-30.8788	9.8
412	799	168	34.8338	-37.485	9.695
503	803	107	40.7838	-44.5288	9.6775
468	802	64	43.9075	-43.225	7.5775
476	819	19	46.7775	-46.6813	3.52625
449	822	-22	47.565	-50.645	0.04375
500	795	-78	49.0525	-55.055	-0.18375
483	811	-135	52.36	-54.3288	3.19375
440	814	-171	52.9375	-55.7288	4.27875
462	785	-220	53.76	-59.9813	2.31875
430	753	-276	57.5488	-61.8713	1.04125
478	753	-337	63.8575	-65.8963	2.3625
432	760	-382	66.9725	-63.9363	4.82125
457	752	-445	67.165	-64.6625	4.75125
450	725	-510	65.87	-60.1825	5.45125
420	760	-562	61.6963	-54.9763	7.0875
474	768	-624	51.8963	-50.6888	8.67125
441	766	-673	38.5175	-38.4388	6.265
426	773	-699	22.8813	-27.5713	0.76125
432	742	-715	6.46625	-16.0125	-2.66
417	760	-706	-8.21625	-1.12875	-3.885
381	717	-673	-21.595	11.1563	-2.5725
424	701	-642	-29.3825	20.2213	-0.21875
412	719	-610	-33.7313	32.06	1.4525
405	719	-570	-38.185	39.865	1.54875
406	720	-536	-40.5213	43.5663	0.525
453	773	-507	-42.5075	46.55	-0.945
424	764	-461	-47.8888	52.43	0.21875
424	752	-409	-51.3188	51.6513	2.79125
483	775	-367	-50.715	49.9625	3.7275
486	794	-332	-51.4675	53.6725	2.56375
487	821	-284	-54.5563	55.9213	1.32125
521	829	-233	-59.3425	58.415	0.455
531	813	-178	-64.4088	63.8663	0.945
492	797	-115	-67.4363	67.83	1.54875
490	798	-50	-66.7625	65.94	-0.1225
504	769	15	-64.8813	63.0438	0.63875
483	756	93	-58.7213	59.6925	2.51125
457	749	169	-50.1025	52.6488	0.8925
473	726	227	-40.1188	42.4638	-1.96875
430	740	265	-27.825	34.1075	-6.01125
435	758	296	-15.8725	22.89	-8.0325
417	759	311	-6.6325	13.475	-6.51875
408	751	315	2.6075	2.1875	-5.6875
414	750	293	14	-10.2988	-5.66125
464	775	252	24.85	-19.7575	-4.375
410	780	218	32.3138	-24.3425	-2.9225
480	782	167	40.1713	-33.8975	-0.88375
461	792	128	46.4713	-35.56	-0.21875
444	781	78	52.045	-40.3113	-1.5925
485	796	17	59.2025	-46.6638	-1.365
460	819	-45	62.72	-48.5538	-1.67125
446	811	-105	64.015	-51.8263	-3.43875
438	801	-167	65.7213	-56.2188	-4.8125
465	793	-229	67.9525	-59.9288	-4.03375
436	787	-285	69.685	-59.4913	-3.21125
421	781	-339	71.7413	-60.1388	-3.78
453	763	-412	74.0513	-60.1038	-2.5025
406	764	-464	74.095	-54.985	0.27125
364	783	-515	70.9188	-54.9063	3.42125
406	779	-575	61.8188	-56.9363	8.75
381	775	-627	49.77	-53.9088	12.7138
405	789	-670	35.0088	-50.54	13.2213
434	769	-713	17.7275	-40.8013	9.47625
401	744	-720	1.4525	-24.3688	2.70375
399	744	-710	-11.6638	-10.4825	-2.0475
384	734	-691	-22.3038	4.41	-3.50875
350	722	-650	-30.0563	16.8438	-4.2175
387	727	-632	-34.6675	25.76	-3.45625
401	760	-597	-38.2988	38.7625	-0.42
356	764	-548	-43.4	49.0788	1.9075
393	753	-505	-47.0225	52.1063	1.6975
