A_X [mg]	A_Y [mg]	A_Z [mg]
-7	38	1022
-10	40	1065
-9	38	972
-8	42	1053
-7	39	988
-7	39	1036
-8	37	1014
-8	37	1022
-8	37	1020
-7	37	1016
-6	38	1019
-4	40	1017
-5	42	1014
-6	42	1014
-6	40	1018
-5	40	1020
-5	41	1018
-6	40	1015
-7	37	1013
-8	37	1014
-7	40	1013
-4	42	1013
-4	43	1018
-6	42	1020
-7	40	1017
-7	38	1015
-5	38	1017
-4	40	1016
-5	41	1015
-7	40	1018
-9	38	1021
-8	41	1018
-8	41	1015
-9	38	1018
-8	39	1019
-5	41	1015
-4	39	1013
-6	38	1016
-7	41	1018
-7	42	1017
-7	39	1013
-7	36	1014
-7	37	1018
-6	38	1020
-6	39	1019
-6	40	1015
-7	40	1011
-7	40	1011
-6	41	1013
-6	41	1016
-6	41	1018
-6	42	1019
-5	43	1021
-5	43	1022
-6	42	1022
-7	41	1019
-8	39	1014
-8	39	1012
-8	40	1013
-7	40	1014
-4	38	1014
-3	37	1012
-4	38	1012
-5	39	1015
-4	38	1016
-3	38	1017
-4	38	1017
-5	38	1019
-3	37	1019
-3	38	1018
-4	38	1017
-6	38	1016
-6	39	1016
-6	40	1016
-6	40	1017
-7	38	1020
-6	38	1020
-4	38	1020
-4	37	1022
-5	37	1020
-7	38	1017
-7	38	1016
-6	39	1018
-6	40	1018
-6	40	1015
-5	40	1014
-5	40	1019
-7	41	1021
-9	39	1019
-9	37	1016
-7	37	1016
-9	37	1016
-10	36	1016
-8	37	1015
-6	39	1016
-5	39	1018
-7	38	1019
-7	39	1017
-4	40	1015
-4	38	1013
-5	38	1014
-7	40	1016
-5	41	1015
-3	41	1015
-5	39	1019
-8	38	1022
-8	38	1020
-5	38	1016
-6	39	1016
-10	39	1019
-10	37	1019
-6	36	1016
-6	38	1017
-10	43	1020
-10	43	1021
-9	41	1022
-9	39	1024
-8	39	1026
-4	39	1022
-4	37	1017
-6	36	1015
-6	37	1013
-6	37	1013
-6	38	1013
-8	40	1014
-8	42	1014
-7	42	1012
-7	41	1011
-6	42	1014
-5	42	1018
-4	41	1020
-4	39	1020
-6	39	1020
-7	38	1018
-7	38	1013
-5	39	1011
-4	38	1012
-5	36	1012
-5	36	1010
-5	37	1009
-4	36	1014
-3	36	1016
-3	39	1015
-4	42	1017
-4	41	1020
-4	40	1018
-4	39	1013
-6	40	1014
-9	40	1017
-10	39	1018
-8	39	1020
-4	40	1019
-4	40	1014
-7	40	1012
-8	38	1015
-5	38	1017
-3	38	1017
-4	38	1015
-6	39	1017
-5	40	1019
-4	41	1019
-5	41	1017
-8	41	1014
-9	40	1013
-8	39	1017
-7	37	1020
-6	36	1017
-6	37	1015
-6	37	1016
-6	37	1015
-6	36	1013
-5	35	1016
-3	36	1018
-3	38	1017
-4	40	1015
-7	43	1018
-9	43	1021
-7	43	1017
-6	41	1012
-7	38	1014
-10	35	1020
-9	36	1022
-3	39	1019
-2	38	1016
-5	36	1016
-6	36	1016
-4	38	1017
-2	40	1017
-5	41	1016
-9	41	1017
-11	40	1019
-8	38	1020
-5	37	1017
-4	39	1014
-4	40	1014
-5	42	1014
-5	42	1013
-4	41	1016
-5	41	1018
-7	41	1017
-8	40	1015
-8	39	1016
-9	37	1018
-10	36	1018
-8	37	1019
-5	38	1018
-6	39	1014
-8	37	1013
-8	36	1014
-9	39	1014
-8	42	1014
-6	41	1014
-7	39	1015
-8	39	1016
-8	39	1015
-7	40	1012
-6	40	1010
-6	39	1012
-4	39	1016
-2	40	1016
-2	40	1011
-4	37	1013
-6	35	1017
-8	36	1016
-9	38	1014
-7	39	1016
-5	39	1015
-6	40	1014
-6	41	1018
-6	42	1021
-6	42	1020
-6	39	1016
-6	38	1017
-5	39	1018
-4	40	1017
-4	40	1013
-7	38	1013
-9	39	1015
-7	40	1014
-4	40	1013
-4	39	1016
-7	37	1017
-7	35	1017
-6	36	1018
-6	39	1020
-5	42	1020
-2	40	1019
-1	38	1020
-3	37	1020
-5	38	1018
-6	38	1015
-6	38	1016
-6	40	1020
-7	40	1020
-8	38	1014
-8	37	1011
-6	40	1013
-5	42	1013
-6	41	1011
-8	39	1011
-9	38	1013
-6	38	1014
-4	38	1012
-4	38	1012
-5	37	1016
-5	36	1019
-5	37	1018
-6	39	1016
-4	40	1017
-2	39	1019
-4	40	1021
-7	42	1019
-6	42	1018
-5	40	1016
-5	38	1017
-7	38	1021
-8	39	1020
-9	41	1015
-8	41	1011
-6	40	1014
-4	38	1017
-5	38	1015
-7	40	1013
-7	40	1014
-6	40	1019
-7	39	1023
-8	40	1021
-7	42	1017
-5	44	1016
-7	43	1017
-8	39	1018
-6	37	1017
-6	38	1014
-10	39	1013
-10	37	1017
-8	35	1021
-6	35	1018
-6	37	1014
-7	39	1016
-7	43	1020
-6	46	1024
-5	45	1023
-5	41	1020
-5	38	1018
-7	38	1016
-10	40	1014
-10	41	1014
-7	41	1012
-7	40	1013
-9	40	1015
-9	39	1016
-6	38	1017
-4	38	1017
-6	38	1019
-7	39	1021
-6	40	1022
-6	41	1018
-8	42	1012
-10	39	1011
-7	45	1010
-12	34	1019
-22	12	1029
-20	16	1024
-18	16	1024
-19	16	1024
-19	15	1020
-17	13	1019
-17	15	1018
-22	15	1019
-23	16	1020
-18	18	1020
-13	19	1019
-13	18	1020
-17	18	1019
-19	18	1017
-17	17	1017
-17	16	1018
-18	16	1020
-18	17	1020
-16	15	1019
-16	14	1017
-18	16	1018
-16	17	1023
-15	14	1026
-17	14	1025
-19	16	1020
-17	15	1017
-16	14	1018
-17	14	1018
-18	12	1015
-17	12	1016
-16	15	1020
-15	16	1021
-16	15	1019
-17	14	1016
-17	15	1017
-16	15	1020
-17	14	1019
-20	14	1018
-21	15	1021
-18	15	1024
-19	13	1022
-20	11	1021
-17	11	1024
-14	12	1025
-17	14	1023
-22	14	1021
-21	14	1021
-18	14	1022
-17	15	1019
-16	16	1018
-17	16	1018
-19	15	1017
-18	15	1017
-14	15	1019
-12	15	1021
-14	15	1020
-15	15	1019
-16	15	1019
-16	15	1020
-16	15	1020
-15	15	1018
-16	16	1017
-19	16	1019
-19	16	1022
-18	15	1023
-16	15	1023
-16	15	1025
-17	15	1026
-19	16	1024
-19	17	1022
-16	17	1023
-15	15	1025
-16	13	1024
-17	15	1022
-17	16	1020
-16	16	1019
-16	13	1018
-18	14	1019
-19	17	1020
-18	16	1019
-16	13	1017
-16	10	1017
-19	9	1020
-21	10	1021
-23	11	1020
-24	13	1019
-23	15	1020
-21	15	1019
-19	14	1016
-18	14	1014
-18	15	1015
-18	15	1017
-19	14	1017
-21	15	1018
-22	17	1021
-23	17	1022
-23	15	1019
-20	14	1016
-18	15	1017
-18	17	1022
-19	17	1022
-17	16	1016
-15	16	1013
-17	16	1016
-18	16	1018
-17	16	1016
-18	15	1017
-20	14	1021
-18	14	1024
-16	15	1023
-19	15	1020
-21	13	1019
-19	11	1020
-19	13	1020
-21	14	1017
-21	11	1013
-19	10	1015
-17	13	1018
-16	14	1020
-18	14	1019
-20	14	1018
-21	14	1019
-21	12	1019
-20	12	1020
-21	13	1021
-21	13	1019
-21	12	1017
-22	14	1019
-22	16	1023
-21	15	1024
-19	13	1021
-19	14	1021
-20	14	1021
-20	14	1020
-19	13	1018
-19	12	1018
-20	12	1019
-22	11	1019
-21	10	1019
-17	10	1019
-15	13	1019
-17	15	1018
-19	14	1017
-18	13	1020
-16	14	1023
-17	14	1023
-19	14	1024
-20	15	1023
-20	15	1020
-20	14	1020
-19	13	1019
-17	14	1016
-15	17	1016
-15	17	1021
-17	15	1023
-19	13	1020
-18	13	1018
-17	14	1021
-17	13	1021
-18	12	1020
-17	14	1020
-16	16	1020
-17	16	1017
-17	14	1015
-16	13	1018
-16	16	1023
-17	19	1023
-18	18	1021
-17	16	1018
-18	15	1019
-18	15	1023
-18	13	1024
-17	12	1020
-15	12	1016
-14	13	1016
-15	14	1016
-16	14	1015
-19	13	1015
-21	13	1016
-21	13	1014
-20	14	1016
-19	14	1019
-20	12	1020
-20	11	1020
-20	11	1020
-20	13	1021
-18	15	1018
-17	15	1017
-16	16	1016
-16	17	1014
-18	17	1012
-22	16	1015
-24	15	1020
-22	15	1022
-19	17	1020
-19	17	1018
-18	16	1017
-18	15	1016
-20	13	1017
-21	12	1019
-20	11	1021
-18	11	1020
-18	13	1018
-19	14	1018
-19	14	1020
-17	13	1020
-18	13	1019
-20	14	1016
-21	15	1016
-21	14	1019
-20	13	1023
-20	13	1023
-18	14	1022
-18	14	1021
-19	13	1022
-18	13	1021
-17	15	1020
-20	15	1021
-21	15	1020
-20	15	1018
-19	15	1017
-21	14	1018
-20	12	1016
-18	11	1014
-17	11	1018
-18	12	1021
-18	12	1020
-18	11	1018
-20	12	1019
-20	12	1019
-17	11	1019
-14	11	1021
-15	12	1023
-17	13	1023
-18	12	1023
-18	11	1024
-20	13	1024
-20	15	1023
-19	13	1019
-17	10	1016
-16	12	1015
-17	14	1018
-17	15	1020
-17	13	1018
-18	13	1015
-19	15	1015
-21	13	1017
-22	11	1018
-21	13	1017
-19	15	1017
-20	13	1018
-21	11	1022
-20	13	1025
-18	14	1024
-15	13	1022
-15	13	1022
-17	15	1020
-19	15	1019
-19	16	1021
-18	18	1023
-16	17	1023
-17	15	1018
-19	14	1014
-20	16	1016
-20	15	1018
-19	14	1017
-18	15	1017
-18	15	1019
-19	15	1017
-21	15	1013
-21	15	1015
-19	15	1021
-17	15	1023
-18	15	1018
-19	14	1014
-18	14	1017
-18	15	1021
-18	18	1020
-18	18	1020
-18	16	1023
-18	14	1023
-19	14	1018
-19	15	1015
-18	15	1019
-16	16	1024
-16	17	1024
-19	16	1021
-21	14	1020
-19	14	1018
-16	14	1017
-17	14	1016
-19	15	1017
-20	17	1019
-18	18	1020
-16	17	1022
-19	16	1020
-20	15	1017
-18	15	1015
-17	15	1015
-19	13	1018
-20	12	1019
-19	11	1019
-16	14	1018
-15	16	1020
-15	16	1023
-15	14	1022
-15	15	1021
-18	16	1020
-19	16	1020
-19	13	1022
-21	13	1022
-21	15	1021
-19	14	1015
-18	12	1011
-20	11	1015
-22	12	1020
-19	12	1020
-17	13	1022
-20	13	1025
-23	12	1024
-21	12	1019
-20	16	1016
-21	18	1018
-18	17	1020
-14	14	1021
-14	13	1018
-17	13	1018
-19	12	1020
-17	12	1019
-16	14	1018
-18	16	1018
-19	16	1018
-18	14	1018
-17	14	1016
-17	15	1017
-17	14	1019
-15	12	1022
-17	10	1023
-20	13	1024
-22	15	1026
-22	14	1023
-21	14	1018
-20	15	1015
-19	15	1016
-17	15	1020
-19	15	1022
-20	15	1021
-19	16	1020
-20	18	1021
-21	19	1019
-21	15	1016
-18	10	1016
-16	11	1019
-17	13	1019
-19	12	1019
-17	12	1022
-17	14	1025
-18	16	1021
-22	16	1014
-23	17	1015
-20	18	1021
-19	17	1021
-18	15	1020
-18	15	1020
-17	14	1018
-16	13	1019
-16	13	1022
-17	12	1024
-18	12	1023
-16	14	1022
-15	17	1022
-16	17	1020
-18	15	1017
-18	13	1019
-17	11	1020
-20	9	1018
-23	10	1017
-22	14	1019
-20	14	1019
-17	11	1016
-18	10	1016
-19	12	1018
-19	13	1021
-20	12	1022
-19	13	1022
-17	15	1019
-17	16	1018
-20	15	1021
-22	15	1022
-21	15	1020
-19	14	1019
-19	13	1019
-22	13	1020
-23	14	1022
-21	15	1023
-22	15	1019
-24	17	1018
-22	17	1022
-18	16	1024
-15	15	1023
-15	15	1018
-17	15	1016
-19	14	1016
-19	13	1016
-20	16	1017
-19	17	1019
-18	15	1021
-21	13	1022
-24	13	1023
-23	14	1020
-19	15	1016
-15	15	1016
-18	14	1018
-21	13	1018
-19	14	1019
-17	14	1019
-18	14	1019
-19	15	1018
-15	17	1018
-13	16	1019
-17	15	1019
-18	15	1019
-17	17	1019
-18	17	1019
-19	14	1019
-18	14	1020
-15	15	1018
-15	15	1015
-17	16	1015
-20	16	1018
-21	14	1017
-21	12	1017
-20	12	1019
-18	12	1018
-18	12	1018
-21	12	1021
-21	13	1022
-17	14	1019
-15	16	1015
-15	17	1019
-14	13	1026
-15	10	1027
-20	11	1022
-22	14	1018
-20	14	1018
-18	12	1019
-19	13	1019
-21	14	1019
-21	14	1023
-20	13	1028
-19	13	1027
-18	14	1024
-20	14	1022
-21	13	1021
-20	12	1019
-18	13	1019
-19	15	1021
-20	15	1023
-19	15	1022
-18	14	1020
-20	13	1018
-21	11	1016
-20	11	1015
-20	13	1015
-22	14	1018
-23	13	1018
-21	12	1015
-18	14	1014
-16	15	1014
-14	15	1013
-17	15	1013
-20	14	1016
-21	12	1021
-20	12	1023
-19	13	1021
-19	13	1018
-18	14	1019
-18	14	1019
-19	12	1018
-18	11	1019
-14	12	1023
-13	14	1026
-19	14	1025
-21	15	1022
-18	17	1020
-15	17	1017
-17	17	1016
-18	18	1019
-18	17	1022
-19	15	1022
-19	16	1020
-17	18	1022
-14	19	1023
-14	16	1021
-16	14	1017
-16	13	1016
-15	11	1020
-16	12	1023
-16	14	1023
-15	13	1021
-17	10	1017
-21	10	1013
-22	11	1013
-21	11	1016
-20	13	1020
-21	15	1021
-20	15	1020
-18	15	1019
-20	16	1019
-19	17	1022
-16	15	1023
-15	13	1024
-17	13	1024
-18	15	1022
-17	15	1022
-16	14	1023
-18	13	1021
-19	14	1020
-19	15	1023
-18	16	1024
-21	17	1021
-23	17	1019
-21	16	1020
-17	12	1021
-16	11	1021
-16	14	1021
-16	15	1022
-15	15	1022
-15	16	1023
-16	16	1023
-18	14	1018
-19	13	1013
-20	13	1015
-20	13	1018
-18	13	1019
-17	16	1019
-18	17	1022
-20	14	1023
-21	12	1021
-20	14	1021
-18	16	1023
-17	13	1021
-17	14	1018
-18	18	1018
-19	20	1022
-20	18	1024
-20	17	1023
-19	15	1023
-19	11	1024
-19	11	1022
-17	15	1019
-15	16	1020
-16	13	1022
-18	13	1021
-19	14	1019
-19	14	1019
-18	15	1021
-17	16	1022
-17	15	1022
-19	15	1021
-21	16	1020
-20	17	1019
-19	15	1020
-19	14	1021
-21	14	1023
-21	15	1023
-22	15	1022
-23	14	1020
-23	13	1018
-21	14	1020
-19	15	1023
-19	16	1023
-20	14	1022
-22	12	1024
-22	12	1024
-20	12	1022
-19	11	1019
-17	11	1019
-17	12	1022
-17	13	1022
-18	14	1019
-20	15	1017
-19	15	1018
-17	15	1020
-17	14	1019
-19	13	1019
-20	14	1019
-17	17	1018
-15	18	1018
-16	16	1018
-18	15	1020
-19	15	1021
-18	16	1018
-17	16	1015
-18	15	1016
-20	15	1018
-20	14	1020
-20	15	1022
-21	17	1022
-21	16	1019
-20	13	1014
-19	13	1012
-20	15	1013
-22	15	1013
-22	14	1012
-21	15	1014
-19	15	1017
-19	14	1016
-19	13	1015
-18	12	1016
-18	13	1018
-20	15	1021
-22	16	1021
-22	16	1017
-20	16	1016
-17	17	1019
-17	19	1024
-19	16	1024
-19	12	1021
-18	10	1019
-18	13	1020
-19	15	1020
-22	16	1020
-21	16	1020
-18	17	1022
-18	17	1024
-20	15	1023
-20	13	1022
-17	13	1021
-15	13	1019
-15	12	1018
-15	13	1016
-16	14	1017
-18	14	1019
-19	13	1020
-18	13	1023
-17	15	1025
-17	15	1024
-18	15	1021
-17	16	1019
-17	16	1020
-20	17	1020
-22	18	1018
-19	18	1017
-16	15	1018
-18	12	1018
-20	12	1020
-22	13	1021
-24	13	1022
-22	13	1022
-19	13	1023
-18	13	1022
-19	12	1019
-19	12	1021
-16	14	1024
-16	14	1026
-18	14	1025
-18	14	1020
-18	14	1018
-18	13	1020
-20	12	1022
-21	13	1021
-20	15	1016
-21	16	1015
-21	17	1020
-20	16	1021
-20	14	1017
-21	13	1015
-21	14	1018
-19	15	1020
-19	14	1020
-21	12	1019
-23	12	1018
-21	13	1017
-17	15	1018
-16	15	1020
-18	13	1020
-20	13	1019
-19	15	1018
-18	17	1014
-16	14	1015
-16	12	1018
-16	12	1020
-17	12	1019
-19	12	1022
-20	13	1023
-19	13	1018
-17	13	1015
-17	13	1017
-18	13	1018
-19	14	1015
-19	16	1016
-18	16	1018
-18	14	1019
-18	14	1018
-17	17	1017
-15	18	1018
-15	13	1019
-16	10	1018
-15	11	1018
-13	16	1016
-14	17	1018
-17	15	1022
-19	14	1023
-19	14	1023
-20	14	1024
-20	12	1024
-18	13	1022
-17	16	1018
-16	16	1018
-15	13	1018
-15	12	1018
-18	14	1018
-19	16	1018
-18	16	1018
-16	15	1015
-17	15	1016
-19	15	1019
-20	15	1023
-20	15	1025
-19	16	1022
-19	15	1021
-18	14	1021
-17	14	1023
-16	14	1022
-16	14	1020
-17	13	1020
-18	13	1018
-19	14	1016
-18	15	1016
-17	16	1020
-17	17	1023
-19	17	1020
-20	16	1018
-18	14	1020
-17	14	1022
-17	14	1022
-18	13	1022
-16	12	1027
-16	12	1030
-17	14	1026
-18	14	1021
-18	13	1020
-17	14	1020
-17	14	1019
-18	12	1016
-18	12	1016
-18	12	1017
-18	12	1018
-20	11	1018
-22	10	1018
-21	10	1020
-19	10	1022
-18	11	1025
-19	14	1026
-19	13	1023
-19	10	1021
-18	10	1021
-16	12	1021
-14	13	1020
-13	13	1019
-14	16	1021
-15	19	1022
-14	18	1020
-12	15	1020
-14	13	1021
-17	13	1021
-19	14	1021
-20	14	1023
-23	14	1023
-25	14	1023
-20	16	1024
-17	17	1024
-18	17	1023
-20	16	1023
-18	14	1023
-16	13	1022
-15	13	1021
-17	15	1020
-17	14	1020
-16	13	1020
-17	13	1019
-19	13	1019
-19	13	1020
-18	13	1021
-18	13	1021
-17	13	1021
-14	12	1022
-14	13	1022
-16	14	1022
-17	12	1021
-19	13	1021
-21	16	1020
-20	15	1019
-19	13	1019
-19	14	1023
-21	16	1023
-22	14	1022
-21	13	1019
-21	14	1016
-21	14	1014
-20	13	1015
-20	14	1019
-19	15	1020
-15	14	1018
-13	12	1017
-15	13	1019
-18	13	1019
-18	12	1016
-19	12	1018
-20	13	1023
-20	15	1026
-20	15	1025
-20	12	1021
-19	10	1021
-18	11	1021
-18	13	1021
-17	13	1021
-17	13	1022
-18	15	1023
-20	17	1020
-21	16	1017
-24	15	1020
-23	15	1018
-22	13	1023
-22	12	1010
-21	12	1023
-18	13	1028
-16	13	1003
-20	13	1057
-21	13	948
-25	16	1138
-16	11	776
