A_X [mg]	A_Y [mg]	A_Z [mg]
-304	40	-20
-551	254	-8
-202	389	277
-245	336	231
103	121	379
-458	-878	171
-2785	-2655	-1427
-1834	-2562	-1286
-514	-1558	-428
-219	-1111	-349
122	-623	-280
380	-368	-161
761	-136	-388
762	16	-484
438	-482	-367
-204	-2458	-1051
-1763	-3734	-1353
-1723	-2348	-898
-713	-634	-57
-468	-124	278
-332	130	171
-498	336	141
-89	459	329
-188	364	388
464	145	416
-1038	-1356	-500
-2721	-3160	-1221
-1255	-2483	-804
-148	-1406	-203
125	-849	-172
250	-449	-252
361	-303	-221
554	-278	-357
486	-230	-639
344	-768	-639
173	-2199	-1044
-1154	-3210	-880
-1194	-2341	-728
-539	-913	-181
-292	-250	324
-259	191	157
-476	373	164
-131	475	382
-275	355	362
201	-141	174
-1190	-1749	-625
-2261	-3168	-1110
-1008	-2407	-831
21	-1326	-428
239	-740	-228
382	-402	-186
429	-266	-195
689	-183	-488
268	-514	-391
62	-1595	-705
-336	-2875	-1042
-1354	-2956	-477
-832	-1497	-200
-243	-369	185
-193	9	183
-403	268	148
-370	336	239
-175	364	242
-288	83	228
186	-625	62
-1883	-2384	-676
-2199	-2895	-887
-493	-1811	-237
-187	-1329	-98
-122	-853	-251
111	-425	-209
458	-233	-246
831	-179	-417
410	-329	-307
370	-1262	-614
-404	-2894	-1333
-1454	-3241	-885
-1049	-1730	-564
-480	-439	84
-269	41	180
-424	293	120
-396	374	283
-246	379	251
-124	144	236
32	-572	75
-1856	-2329	-910
-2246	-3085	-651
-769	-2034	21
-148	-1208	-25
161	-681	-127
279	-510	-124
398	-448	-307
646	-198	-686
384	-263	-292
400	-1360	-591
-591	-3150	-866
-1472	-3260	-704
-1017	-1565	-426
-327	-310	182
-210	171	169
-455	428	120
-229	497	314
-173	411	382
-26	72	294
-141	-929	-135
-2272	-2675	-806
-2011	-2903	-760
-576	-1769	-289
-97	-1003	-101
222	-463	-109
433	-331	-205
646	-423	-354
682	-335	-463
390	-801	-668
-403	-2519	-1078
-1483	-3399	-1308
-1400	-2206	-1122
-713	-685	-119
-349	9	111
-370	263	44
-634	316	230
-318	319	416
-322	279	189
-25	-128	281
-495	-1280	-66
-2349	-2695	-1519
-1442	-2346	-1353
-230	-1463	-303
1	-997	-197
129	-549	-204
338	-332	-53
570	-303	-259
543	-291	-352
254	-1017	-541
-372	-2494	-1146
-1141	-2980	-1248
-921	-1925	-680
-390	-756	147
-141	-164	158
-292	200	21
-580	335	209
-118	407	279
-411	234	230
248	-274	316
-1237	-1711	-612
-2586	-2998	-1110
-1070	-2286	-565
-214	-1344	-196
113	-731	-169
325	-383	-209
534	-315	-300
769	-224	-505
404	-451	-325
146	-1649	-727
-863	-2951	-1236
-1259	-2789	-1007
-692	-1483	-438
-406	-534	201
-227	-1	38
-447	285	50
-371	396	190
-193	410	242
-316	92	51
-1	-832	48
-1790	-2561	-755
-2012	-2863	-1088
-396	-1674	-350
56	-1040	-117
156	-596	-192
255	-348	-55
451	-325	-205
512	-353	-432
347	-645	-305
198	-1944	-838
-1010	-3238	-975
-1445	-2665	-530
-592	-1032	62
-271	-200	297
-139	226	97
-444	404	126
-217	472	305
-160	334	227
126	-138	266
-1218	-1684	-559
-2294	-3036	-967
-1170	-2457	-428
-344	-1390	-116
162	-663	7
213	-313	-128
323	-160	-189
755	-229	-406
465	-356	-400
297	-1222	-567
-253	-2860	-1248
-1627	-3436	-544
-1158	-2032	-562
-403	-582	-97
-352	-59	262
-392	281	63
-474	410	172
-117	399	399
-376	229	235
366	-170	361
-906	-1578	-279
-2743	-3067	-1000
-1287	-2430	-664
-219	-1400	-162
147	-774	-5
381	-327	-51
564	-264	-165
787	-302	-467
471	-539	-464
11	-1694	-880
-783	-2944	-1001
-1293	-2789	-698
-670	-1483	-424
-330	-557	250
-239	-73	211
-330	271	143
-454	398	274
-124	437	369
-432	134	77
165	-736	112
-1279	-2345	-339
-2181	-2867	-1195
-578	-1811	-595
-97	-1225	97
-102	-800	-117
145	-451	-121
509	-313	-244
754	-234	-582
436	-419	-412
277	-1546	-707
-494	-2906	-1250
-1247	-3068	-762
-897	-1694	-438
-455	-456	222
-347	51	227
-463	373	135
-278	419	344
-105	406	304
-352	43	143
92	-861	116
-1867	-2620	-419
-2122	-2847	-915
-238	-1601	-378
-37	-1120	22
72	-646	-140
312	-384	-113
532	-352	-385
678	-315	-705
299	-719	-497
-108	-2047	-830
-906	-3011	-875
-991	-2530	-776
-587	-1278	-320
-484	-444	249
-301	94	191
-531	284	117
-335	366	267
-351	328	184
-66	13	269
-165	-957	39
-2099	-2713	-922
-1643	-2796	-703
-262	-1687	-278
-69	-1105	-206
122	-600	-159
274	-365	-196
590	-317	-331
510	-215	-504
431	-640	-319
121	-2166	-889
-1215	-3330	-755
-1234	-2446	-303
-361	-938	123
-291	-255	293
-299	190	191
-536	366	271
-163	411	354
-342	199	131
110	-286	165
-537	-1411	-212
-2074	-2748	-734
-1217	-2488	-227
-176	-1536	-34
-39	-1034	-124
115	-605	-191
463	-396	-290
737	-427	-572
588	-353	-534
265	-1236	-530
-494	-2806	-1008
-1447	-3287	-964
-1229	-1883	-384
-432	-392	250
-215	69	145
-299	325	36
-334	331	141
-133	305	218
-357	124	159
104	-432	81
-1449	-2036	-346
-2177	-2945	-609
-847	-2020	-410
-129	-1264	-55
-15	-785	-102
199	-463	-232
478	-393	-407
674	-263	-607
374	-423	-402
139	-1618	-734
-896	-3182	-1022
-1860	-3177	-545
-1178	-1403	-68
-479	-183	108
-373	188	104
-474	347	158
-276	392	215
-117	406	320
-228	50	259
-55	-838	113
-1994	-2448	-644
-1949	-2711	-543
-592	-1759	-231
-173	-1201	-40
193	-750	-70
345	-511	-306
633	-329	-396
548	-200	-512
172	-726	-375
-108	-2164	-903
-958	-3002	-828
-1043	-2234	-417
-352	-860	10
-111	-218	214
-168	129	45
-544	302	15
-132	313	215
-340	178	328
51	-275	128
-785	-1622	-354
-2681	-3007	-906
-1236	-2228	-593
-44	-1150	-124
-4	-738	-156
264	-392	-140
542	-315	-199
767	-276	-541
464	-351	-551
76	-1470	-645
-687	-2960	-911
-1464	-2984	-885
-905	-1537	-326
-215	-454	267
-153	-116	272
-334	147	170
-451	273	157
-183	327	275
-289	73	218
39	-640	13
-1863	-2410	-924
-2099	-2974	-864
-429	-1744	-191
-2	-1060	-130
239	-648	-159
275	-407	-313
528	-300	-407
707	-234	-618
306	-499	-356
255	-1849	-765
-712	-3346	-1077
-1611	-2899	-702
-721	-1013	-189
-193	-105	328
-125	155	174
-439	304	30
-203	312	204
-284	223	272
-66	-57	196
16	-1024	-41
-2205	-2634	-781
-1597	-2616	-765
-452	-1707	-144
-129	-1147	-73
190	-649	-147
436	-405	-114
699	-274	-302
694	-223	-131
217	-1101	-476
-559	-2848	-1076
-1603	-3395	-622
-1245	-1810	-402
-242	-381	34
-162	-150	328
-200	104	156
-460	258	94
-73	384	250
-275	262	177
311	-225	208
-1013	-1683	-259
-2192	-2943	-719
-1130	-2356	-338
-254	-1432	152
44	-855	-28
98	-474	-109
342	-273	-103
669	-226	-489
592	-184	-595
484	-968	-549
-350	-2756	-1067
-1804	-3426	-902
-1230	-1902	-400
-278	-588	273
-227	-223	339
-232	153	127
-496	308	84
-98	398	211
-276	204	191
515	-199	371
-1018	-1716	-362
-2493	-3156	-1037
-958	-2392	-366
-95	-1371	97
141	-726	-101
386	-362	-192
430	-261	-398
806	-102	-719
497	-170	-388
627	-990	-357
-373	-2898	-1336
-1727	-3562	-865
-838	-1990	-460
-324	-716	116
-170	-140	430
-240	327	110
-371	453	177
-103	509	342
-230	323	280
206	-299	240
-1449	-2166	-406
-2519	-3450	-801
-833	-2263	-482
87	-1091	-15
400	-531	-25
439	-332	-227
511	-395	-357
685	-333	-714
272	-602	-429
88	-1831	-754
-866	-3119	-1207
-1237	-2732	-797
-436	-1213	-13
-300	-370	314
-181	93	106
-477	336	144
-361	423	284
-208	339	199
-86	-32	179
-76	-1068	36
-2048	-2737	-631
-1845	-2812	-602
-296	-1669	-116
-118	-1157	-131
29	-719	-161
267	-381	-158
728	-305	-407
774	-196	-580
547	-465	-354
291	-1895	-795
-1011	-3400	-926
-1625	-2939	-845
-752	-1166	-207
-396	-220	255
-247	216	101
-449	401	147
-184	464	350
-236	318	215
307	-114	359
-781	-1478	-129
-2411	-3087	-789
-1222	-2451	-385
-232	-1315	-85
71	-769	18
98	-429	-116
379	-340	-212
649	-424	-566
514	-357	-563
432	-1022	-561
-214	-2503	-827
-1448	-3213	-651
-1218	-1912	-411
-268	-485	164
-206	-178	152
-242	61	174
-545	171	203
-186	257	328
-463	175	215
227	-162	338
-588	-1403	-81
-2397	-2701	-888
-1153	-2067	-602
-324	-1432	1
-387	-1221	-80
-200	-717	-141
529	-329	-105
1096	-432	-658
910	-360	-543
429	-1248	-1049
-228	-3230	-1277
-1729	-3648	-1024
-1101	-1951	-712
-639	-636	385
-627	187	-38
-644	586	-116
-350	599	370
-184	512	248
-295	96	149
-74	-858	264
-2184	-2852	-605
-1749	-3019	-90
-157	-1642	347
-25	-1014	-131
263	-598	-156
353	-491	-312
917	-406	-760
653	-377	-565
338	-1122	-600
-545	-3070	-920
-1981	-3680	-404
-1172	-1732	-206
-345	-295	314
-8	110	283
-248	284	64
-535	329	104
-119	449	246
-520	191	49
185	-335	261
-1034	-2049	-312
-2547	-3352	-802
-744	-2109	-73
57	-1137	87
68	-762	-75
289	-437	-145
554	-398	-410
920	-282	-718
271	-455	-343
362	-1441	-671
-477	-3139	-1189
-1653	-3177	-420
-839	-1344	-169
-224	-251	175
-120	110	165
-428	282	21
-354	314	229
-286	244	257
-206	-95	258
15	-949	132
-2045	-2696	-893
-1774	-2881	-827
-373	-1686	-148
-29	-893	-36
274	-361	-127
266	-177	-265
786	-134	-442
749	-208	-580
387	-684	-489
58	-2277	-905
-1288	-3714	-955
-1717	-2891	-783
-854	-879	-34
-302	50	310
-196	343	163
-436	442	149
-123	454	266
-274	343	282
119	-90	315
-1052	-1596	-330
-2587	-3216	-851
-1408	-2528	-408
-158	-1273	-51
134	-692	-24
290	-379	-112
503	-372	-269
724	-337	-535
410	-356	-403
206	-1278	-537
-767	-3199	-1011
-1876	-3420	-844
-1104	-1604	-289
-537	-330	114
-346	190	84
-404	436	120
-475	477	289
-145	486	366
-262	212	259
142	-509	161
-1754	-2310	-608
-2512	-3167	-866
-755	-1999	-305
-136	-1182	-52
-16	-701	-117
175	-425	-274
517	-324	-468
846	-227	-694
212	-365	-419
336	-1403	-546
-399	-2997	-912
-1681	-3114	-474
-948	-1530	-202
-375	-421	331
-286	-85	367
-461	239	135
-355	362	267
-122	441	224
-80	176	305
128	-664	152
-2174	-2704	-712
-2151	-3113	-399
-311	-1736	-37
-78	-1054	-24
216	-557	-55
230	-376	-297
621	-329	-449
722	-242	-586
374	-519	-377
253	-1874	-646
-1196	-3335	-841
-1750	-2766	-648
-557	-1018	-131
-344	-305	327
-204	38	262
-558	233	182
-400	363	278
-213	368	226
-347	-42	232
-46	-1091	26
-2424	-3020	-977
-2167	-2990	-813
-268	-1514	73
-24	-850	32
304	-440	-282
426	-358	-263
679	-333	-537
353	-411	-474
33	-1011	-582
-454	-2497	-982
-1343	-3334	-762
-1185	-2143	-535
-495	-769	197
-295	-126	272
-318	201	71
-384	299	140
-117	338	277
-308	243	108
13	-176	190
-647	-1492	-254
-1979	-2911	-812
-1039	-2471	-457
-137	-1459	-193
46	-926	-93
102	-499	-138
271	-319	-274
625	-286	-520
577	-244	-431
349	-945	-481
-282	-2461	-841
-1047	-3241	-756
-1172	-2353	-677
-553	-868	55
-261	-79	188
-211	273	6
-415	325	154
-225	297	354
-384	151	204
-147	-221	141
-832	-1406	-399
-1986	-2888	-814
-1471	-2592	-207
-387	-1416	-177
-5	-819	-142
182	-489	-87
373	-328	-262
558	-236	-521
474	-188	-520
296	-700	-280
-27	-2250	-992
-1331	-3478	-945
-1489	-2502	-516
-565	-785	-65
-261	-102	295
-109	148	114
-458	254	92
-177	358	246
-335	275	226
59	-41	289
-287	-1035	-142
-2270	-2813	-832
-1561	-2762	-186
-514	-1695	242
-96	-1108	146
20	-668	119
180	-427	-92
546	-295	-331
632	-239	-501
264	-431	-62
458	-1655	-635
-889	-3359	-975
-1835	-3189	-122
-932	-1283	-75
-301	-152	328
-180	165	305
-379	373	109
-223	381	228
-259	384	253
-157	60	217
-225	-908	-32
-2399	-2896	-680
-2013	-3017	-362
-327	-1507	-2
-62	-976	-101
-2	-626	-92
202	-377	-236
447	-315	-450
660	-285	-636
202	-488	-332
149	-1526	-546
-676	-3122	-962
-1616	-3117	-610
-714	-1440	-164
-240	-559	308
-171	-145	263
-395	216	112
-381	400	140
-108	455	284
-162	245	276
249	-455	152
-1673	-2361	-624
-2279	-3285	-693
-563	-2039	-103
-77	-1146	-13
164	-646	-66
238	-405	-204
499	-337	-375
728	-219	-575
383	-424	-249
226	-1587	-613
-637	-3173	-821
-1441	-3235	-838
-1067	-1555	-349
-444	-256	283
-317	234	201
-419	417	269
-221	435	277
-164	409	237
-28	108	285
-341	-957	-103
-2385	-2907	-626
-1848	-2964	-123
-431	-1656	-138
-20	-1023	-187
148	-538	-7
348	-342	-205
603	-285	-492
588	-237	-448
332	-588	-232
160	-2149	-794
-1578	-3761	-756
-1664	-2646	-377
-417	-783	31
-237	-200	261
-71	162	123
-498	310	86
-258	392	183
-237	314	147
141	-4	336
-437	-1189	-154
-2273	-2946	-631
-1628	-2849	48
-284	-1601	99
-6	-956	-96
202	-528	-82
302	-346	-236
604	-231	-500
626	-156	-421
394	-588	-216
16	-2394	-742
-1553	-3949	-618
-1413	-2646	-347
-485	-837	-9
-354	-60	262
-174	337	153
-477	476	172
-141	518	284
-280	337	205
-16	-112	272
-629	-1558	-17
-2524	-3236	-293
-1282	-2527	-97
-89	-1382	-85
-23	-904	-4
312	-488	-64
446	-429	-277
706	-403	-518
453	-365	-538
93	-982	-278
-226	-2557	-815
-1210	-3375	-692
-1007	-2279	-305
-377	-884	121
-215	-207	262
-170	217	143
-527	369	133
-187	443	222
-326	332	166
6	-67	257
-292	-1338	-51
-2231	-3066	-531
-1582	-2756	-168
-241	-1497	108
-59	-885	11
198	-520	-180
338	-479	-353
800	-376	-547
486	-338	-449
231	-1059	-352
-360	-2833	-981
-1646	-3698	-511
-1147	-2241	-440
-490	-775	45
-410	-160	286
-415	329	131
-532	565	149
-61	612	314
-219	371	248
241	-158	403
-858	-1757	-288
-2341	-3260	-627
-931	-2495	160
-50	-1396	62
127	-867	-41
165	-698	-144
429	-608	-390
755	-402	-751
136	-583	-295
111	-1468	-492
-507	-2933	-830
-1564	-3179	-348
-910	-1521	3
-222	-349	349
-121	54	207
-264	269	54
-356	356	129
-137	424	175
-321	205	135
110	-390	190
-1643	-2336	-405
-2344	-3386	-45
-784	-2127	428
-74	-1126	60
98	-657	-50
305	-479	-154
464	-440	-431
506	-380	-620
133	-557	-356
50	-1674	-386
-551	-3023	-554
-1253	-2971	-108
-688	-1491	27
-166	-387	190
-95	13	145
-337	296	80
-349	414	161
-91	465	201
-243	165	184
231	-648	259
-1805	-2527	-270
-2037	-3184	-132
-510	-1937	-15
-110	-1181	-96
205	-662	-109
369	-443	-367
652	-322	-618
592	-227	-632
188	-698	-158
200	-2141	-910
-1206	-3613	-867
-1370	-2735	-318
-438	-958	-56
-281	-205	363
-58	241	112
-462	404	5
-257	458	169
-316	410	173
-165	-60	189
-243	-1276	54
-2217	-3108	-586
-1515	-2906	-261
-89	-1575	21
-43	-1062	-86
147	-645	-87
270	-447	-300
609	-329	-501
456	-314	-564
166	-798	-366
268	-2288	-783
-916	-3407	-516
-1243	-2580	-109
-592	-952	106
-337	-105	329
-217	271	101
-463	371	81
-99	368	173
-350	179	150
185	-199	206
-536	-1497	-125
-2174	-3005	-434
-1088	-2418	-233
-220	-1543	-85
-193	-1202	-84
79	-775	-91
346	-545	-270
685	-392	-672
520	-266	-436
258	-847	-205
-110	-2356	-932
-1034	-3248	-427
-1097	-2311	-217
-419	-822	102
-12	-176	211
-156	89	27
-429	251	2
-227	337	173
-234	226	146
149	-125	325
-734	-1441	-63
-2114	-3171	-383
-1298	-2726	94
-148	-1404	-53
80	-834	-128
295	-520	-83
431	-367	-387
693	-191	-541
423	-176	-476
187	-1020	-386
-96	-2616	-906
-1107	-3385	-446
-1002	-2256	61
-185	-693	350
-105	-90	430
-141	273	140
-375	421	66
-105	388	242
-380	212	145
31	-231	102
-287	-1425	127
-2254	-3032	-294
-1174	-2624	1
-137	-1611	21
-131	-1161	8
137	-814	-135
159	-327	-185
