STEVAL-MKI197V1 (LSM6DSOX)

A_X [mg] 	 A_Y [mg] 	 A_Z [mg] 	
-1075	-381	752
-1040	-342	718
-920	-437	723
-870	-380	813
-710	-430	754
-681	-499	817
-575	-303	766
-477	-411	732
-385	-322	645
-257	-275	636
-169	-266	483
14	-323	533
61	-285	563
158	-168	465
221	-188	574
240	67	636
336	-124	683
309	-22	777
319	-129	823
323	-74	819
342	-146	823
307	-163	857
349	-150	835
343	-186	859
316	-130	889
346	-187	936
293	-183	973
307	-194	1005
297	-178	963
312	-193	1003
314	-197	958
300	-214	933
304	-225	924
325	-243	900
303	-208	876
305	-202	844
310	-237	812
271	-149	768
301	-234	677
221	-215	632
224	-144	644
163	-161	574
130	-286	587
-60	-152	588
-33	-80	606
-200	-263	529
-315	-305	533
-442	-173	473
-702	-458	664
-673	-434	719
-966	-211	469
-1006	-561	838
-1144	-334	602
-1084	-530	784
-1350	-392	853
-1138	-366	762
-1368	-472	812
-1219	-439	790
-1104	-387	652
-1149	-356	614
-1113	-547	580
-1469	470	2106
-848	-813	433
-1076	-706	240
-913	-176	-116
-875	-138	-207
-933	-357	-113
-967	-292	-51
-958	-288	-28
-955	-270	62
-926	-228	74
-956	-208	52
-984	-243	127
-973	-199	146
-950	-314	142
-1010	-253	246
-955	-190	233
-982	-388	355
-1042	-294	507
-1042	-326	501
-1085	-362	597
-1054	-320	610
-1097	-356	634
-1179	-366	639
-1165	-384	655
-1145	-385	696
-1143	-348	709
-1036	-443	701
-1001	-373	785
-959	-443	733
-892	-298	729
-771	-280	681
-648	-349	708
-532	-234	686
-468	-186	628
-292	-294	599
-239	-267	686
-124	-244	631
-12	-348	574
24	-243	587
177	-325	505
152	-277	536
251	-335	605
214	-265	761
227	-264	851
227	-337	999
247	-122	942
225	-309	981
262	-186	991
250	-101	933
278	-246	921
265	-88	847
295	-93	819
321	-155	760
297	-217	804
303	-152	797
303	-268	879
281	-185	861
252	-252	964
279	-197	1040
244	-290	953
246	-145	1076
256	-199	1036
278	-229	989
242	-105	965
273	-238	957
264	-147	929
270	-185	965
272	-159	884
248	-246	902
253	-171	888
246	-322	877
246	-201	905
241	-216	882
252	-229	830
233	-171	702
199	-156	630
135	-213	531
105	-200	476
32	-212	447
-107	-241	517
-201	-253	465
-380	-183	501
-456	-348	644
-708	-185	536
-875	-108	710
-1009	-279	623
-1142	-277	813
-1138	-191	706
-1258	-412	845
-1229	-348	808
-1329	-285	817
-1323	-363	732
-1232	-366	813
-1184	-207	739
-1081	-500	668
-916	1516	2368
-921	-934	867
-989	-790	242
-908	-223	-94
-931	-70	-111
-891	-310	-22
-1010	-322	0
-1002	-331	6
-949	-234	90
-891	-246	118
-928	-284	137
-955	-231	135
-967	-241	139
-981	-230	149
-955	-244	172
-948	-256	184
-966	-201	213
-956	-269	256
-1007	-281	417
-1020	-236	506
-983	-197	513
-1066	-281	655
-1058	-271	645
-1122	-323	732
-1171	-331	748
-1090	-272	675
-1080	-412	701
-1073	-413	710
-1062	-408	705
-1029	-426	796
-889	-429	894
-892	-534	922
-868	-194	764
-695	-364	770
-594	-325	682
-472	-168	692
-359	-277	614
-198	-163	574
-113	-96	550
25	-285	500
114	-120	484
175	-246	534
222	-190	472
263	-259	578
272	-153	611
293	-280	718
274	-172	852
252	-278	931
252	-220	985
270	-148	1006
221	-223	937
265	-238	1010
271	-201	942
260	-250	927
240	-183	917
274	-214	876
233	-306	887
265	-225	875
237	-244	783
247	-241	763
230	-250	676
182	-242	659
151	-177	618
69	-227	663
69	-255	692
-35	-251	734
-113	-221	702
-271	-232	697
-313	-126	673
-434	-298	649
-450	-431	741
-704	-136	480
-666	-438	753
-835	-303	757
-1051	-189	587
-961	-551	931
-1025	-209	653
-1162	-459	744
-1126	-501	1013
-1166	-60	734
-1124	-331	944
-1022	-506	871
-1047	-400	589
-995	-320	426
-941	-221	439
-1053	90	343
-960	-21	222
-1042	-61	495
-1067	-333	378
-963	-226	162
-936	-289	112
-924	-286	82
-944	-233	129
-951	-280	114
-943	-279	107
-994	-228	126
-931	-258	110
-947	-305	187
-929	-183	205
-975	-275	260
-977	-200	368
-1008	-209	430
-1045	-217	620
-1064	-192	583
-1044	-231	675
-1057	-246	632
-1129	-262	674
-1194	-381	709
-1119	-312	774
-1063	-308	733
-1042	-292	719
-1042	-245	670
-958	-329	653
-881	-200	617
-756	-305	707
-633	-322	736
-570	-196	716
-459	-296	679
-402	-341	789
-292	-348	787
-175	-466	771
-162	-208	687
-61	-308	581
52	-327	499
88	-315	509
154	-373	560
160	-294	544
191	-288	647
188	-321	763
224	-178	738
138	-189	934
207	-246	861
137	-386	1004
172	-333	1024
173	-415	961
173	-359	956
182	-407	933
173	-396	871
184	-385	874
157	-324	849
205	-402	829
167	-303	835
117	-260	740
141	-256	700
92	-319	629
55	-337	552
38	-289	536
-145	-304	365
-55	-367	536
-435	-195	153
-349	-511	497
-657	-409	544
-800	-240	557
-827	-535	771
-929	-338	649
-937	-608	864
-1179	-427	748
-1038	-521	699
-1193	-681	829
-1203	-444	555
-1196	-627	682
-1119	-472	745
-1109	-328	517
-1071	-462	582
-1037	-278	504
-1113	1659	1391
-1072	-768	595
-949	-436	46
-1018	-222	-114
-964	-237	-100
-921	-281	-48
-994	-243	-35
-944	-235	38
-986	-203	66
-959	-193	84
-985	-183	139
-988	-150	189
-1008	-59	258
-983	-212	167
-1044	-225	376
-968	-107	312
-998	-239	423
-1024	-271	433
-1029	-293	557
-1048	-315	547
-1051	-337	629
-1064	-328	593
-1071	-355	625
-1050	-323	606
-1044	-389	628
-965	-414	624
-951	-388	663
-836	-360	578
-809	-323	658
-691	-454	689
-606	-406	669
-492	-357	688
-443	-371	687
-336	-413	586
-346	-552	686
-228	-471	585
-146	-429	600
-70	-457	589
26	-448	482
-49	-369	348
28	-406	420
81	-507	437
94	-678	543
72	-564	643
124	-687	688
31	-779	812
73	-635	795
17	-721	863
22	-705	831
33	-683	775
14	-735	795
-4	-643	774
40	-616	715
20	-652	738
28	-594	715
8	-596	743
21	-660	793
4	-571	818
20	-618	869
-10	-594	889
16	-615	938
11	-547	920
16	-651	891
38	-606	864
21	-523	819
31	-562	745
37	-496	662
39	-508	643
59	-528	583
34	-526	572
-13	-391	536
-60	-295	457
-71	-466	520
-197	-403	407
-216	-440	515
-329	-447	604
-551	-270	476
-468	-587	520
-686	-338	599
-691	-360	456
-926	-488	670
-896	-338	590
-962	-437	497
-955	-544	751
-882	-291	518
-1293	-520	661
-1353	-475	699
-1200	-453	643
-1258	-493	541
-1119	-305	475
-1018	-215	505
-1545	505	1882
-932	-548	324
-945	-474	111
-954	-247	-40
-941	-157	-82
-933	-242	-52
-918	-342	-7
-912	-322	-1
-951	-367	25
-982	-262	152
-914	-229	86
-940	-295	142
-983	-186	305
-962	-272	221
-1005	-360	451
-998	-215	412
-1041	-306	471
-1067	-231	525
-1051	-351	598
-1021	-426	682
-1060	-377	660
-1106	-364	633
-1120	-323	611
-1055	-426	612
-1022	-406	624
-896	-430	515
-862	-518	631
-768	-474	514
-672	-587	569
-637	-495	654
-557	-513	707
-425	-508	800
-502	-429	1023
-366	-193	788
-331	-278	617
-175	-218	444
-29	-325	396
-7	-436	380
48	-444	414
88	-279	508
159	-459	532
121	-427	617
177	-527	664
74	-630	726
134	-535	851
89	-527	848
65	-642	964
49	-455	995
91	-593	966
61	-536	935
60	-479	843
50	-575	813
92	-508	742
89	-447	669
58	-504	670
87	-492	594
32	-447	559
0	-454	613
-28	-440	567
-70	-514	569
-139	-517	621
-206	-244	634
-261	-487	464
-435	-449	724
-486	-176	579
-499	-360	533
-610	-542	718
-773	-458	599
-722	-486	625
-992	-379	551
-919	-422	590
-1064	-499	738
-1065	-339	526
-1220	-571	733
-1065	-447	625
-1137	-217	518
-1119	-425	456
-1118	-409	558
-1009	-185	369
-1004	490	974
-1102	-719	999
-937	-582	51
-960	-332	-127
-904	-189	-193
-914	-286	-170
-966	-353	-129
-924	-226	-32
-989	-140	149
-1013	-218	217
-962	-295	135
-976	-274	72
-936	-293	35
-959	-301	69
-999	-251	122
-989	-269	104
-1003	-263	271
-974	-145	241
-1019	-326	392
-1011	-260	490
-1050	-325	529
-1087	-340	581
-1102	-308	570
-1115	-365	556
-1122	-392	584
-1079	-428	520
-1054	-458	544
-1012	-425	537
-926	-497	580
-890	-432	546
-806	-466	610
-732	-497	650
-640	-434	624
-559	-421	656
-454	-523	637
-355	-416	693
-219	-484	592
-232	-591	701
-120	-366	656
-78	-525	527
-54	-692	795
15	-531	618
30	-564	652
33	-471	692
94	-414	626
107	-360	691
131	-391	696
159	-394	711
193	-383	745
176	-379	758
195	-461	771
209	-402	853
222	-519	812
196	-427	843
267	-489	828
167	-472	853
210	-442	769
173	-426	770
190	-448	757
166	-392	614
138	-375	572
146	-473	585
-3	-351	482
86	-433	598
-118	-343	483
-173	-297	621
-176	-422	588
-430	-335	609
-432	-230	552
-622	-400	439
-703	-426	782
-925	-260	452
-932	-518	777
-1058	-314	619
-1168	-475	738
-1071	-368	875
-1269	-441	675
-1134	-525	943
-1047	-221	794
-1116	-265	574
-1048	-566	566
-1033	-555	561
-1174	561	945
-1097	-284	881
-902	-460	206
-957	-295	4
-926	-222	-66
-938	-384	16
-932	-308	36
-920	-317	26
-951	-330	115
-945	-170	129
-975	-259	197
-957	-280	186
-967	-200	254
-958	-158	194
-968	-333	232
-986	-208	377
-946	-225	305
-1022	-328	462
-996	-161	475
-1036	-260	588
-1034	-318	572
-1062	-256	627
-1051	-165	646
-1063	-267	633
-1050	-325	643
-1006	-241	651
-1034	-284	705
-955	-383	659
-874	-310	722
-859	-314	716
-777	-306	677
-680	-165	758
-578	-258	659
-532	-353	862
-391	-187	781
-315	-322	837
-261	-278	852
-243	-195	785
-128	-307	773
-113	-273	679
-10	-241	528
-6	-346	566
184	-306	564
99	-391	767
114	-217	783
129	-245	867
151	-133	887
115	-178	852
144	-237	927
133	-131	888
146	-220	991
148	-192	980
154	-216	968
140	-185	1037
154	-231	947
149	-245	963
150	-249	900
165	-297	864
154	-281	844
157	-236	819
136	-237	763
142	-244	711
61	-211	630
65	-324	612
15	-274	530
-189	-254	510
-143	-282	473
-314	-354	673
-435	-169	563
-459	-322	683
-618	-238	653
-711	-261	633
-829	-479	922
-930	-239	639
-1029	-448	699
-1087	-424	986
-1105	-181	577
-1107	-481	862
-1179	-393	827
-1112	-252	596
-1137	-412	700
-1075	-316	617
-1028	-219	586
-1170	39	726
-1280	175	1076
-950	-536	310
-901	-389	53
-919	-316	-81
-916	-343	-13
-938	-322	12
-917	-316	56
-961	-313	165
-976	-174	267
-969	-263	227
-943	-284	177
-957	-275	237
-939	-210	236
-998	-272	256
-987	-225	343
-981	-213	372
-1004	-262	468
-1001	-187	478
-995	-254	551
-1042	-285	559
-1037	-256	601
-1060	-215	675
-1036	-277	597
-1038	-343	665
-1004	-225	660
-958	-248	647
-936	-360	653
-870	-273	760
-822	-259	719
-706	-300	740
-669	-205	824
-544	-354	779
-481	-347	981
-457	-141	836
-378	-128	821
-352	-217	738
-277	-237	657
-157	-125	704
-95	-108	719
-19	-166	715
11	-74	738
89	-168	652
86	-205	701
131	-159	655
111	-241	827
199	-183	778
75	-193	947
139	-53	951
119	-205	991
136	-122	958
124	-183	953
127	-212	854
129	-210	799
97	-220	701
78	-211	644
65	-236	574
-53	-352	650
-23	-343	762
-163	-28	730
-197	-99	717
-287	-203	676
-359	-168	836
-527	-72	623
-452	-269	886
-619	-111	798
-711	-74	697
-885	-195	745
-889	-182	694
-956	-243	605
-1049	-333	713
-1060	-256	678
-1099	-288	669
-1057	-353	750
-1084	-218	749
-1136	-197	692
-1017	-276	638
-982	-370	578
-1016	-327	507
-1073	-216	471
-1180	223	824
-995	-239	465
-925	-287	247
-926	-269	146
-945	-250	144
-921	-285	153
-917	-305	176
-925	-318	150
-942	-300	170
-955	-310	196
-948	-274	210
-962	-253	198
-953	-257	306
-941	-162	257
-978	-216	426
-989	-53	483
-1034	-15	597
-1030	-22	604
-1054	-46	665
-1108	-56	659
-1076	8	787
-1065	32	734
-1077	-139	684
-1100	-169	747
-1020	-158	670
-982	-212	739
-876	-235	722
-862	-204	716
-768	-233	714
-654	-233	696
-571	-261	744
-451	-234	649
-376	-292	693
-332	-273	703
-247	-285	697
-178	-296	797
-50	-212	739
-66	-313	754
-26	-208	680
9	-299	520
5	-417	710
81	-199	629
102	-356	752
78	-304	881
93	-242	887
67	-315	942
73	-290	944
49	-324	954
51	-270	918
39	-249	893
58	-300	850
29	-273	783
30	-260	690
-6	-293	530
-58	-347	620
-102	-240	459
-213	-360	495
-334	-314	621
-462	-98	522
-466	-345	662
-663	-131	807
-553	-104	699
-936	-123	887
-882	-28	757
-971	-160	783
-1049	-197	745
-972	-248	728
-1129	-233	695
-1105	-218	775
-1059	-90	656
-1179	-159	628
-1072	-229	582
-1008	-265	559
-989	-175	481
-1103	-7	564
-1245	382	1246
-946	-647	407
-949	-424	141
-949	-273	-1
-928	-300	-52
-928	-324	9
-916	-337	51
-933	-326	47
-959	-312	72
-984	-286	93
-939	-258	112
-928	-275	152
-976	-277	208
-975	-116	224
-961	-265	231
-1012	-274	467
-981	-120	432
-1044	-274	570
-1032	-67	574
-1111	-161	615
-1093	-347	597
-1069	-511	581
-1059	-432	576
-1059	-358	488
-1039	-438	492
-1000	-359	507
-911	-344	469
-875	-439	548
-783	-363	599
-718	-451	722
-622	-385	843
-625	-309	787
-549	-314	834
-473	-301	774
-417	-362	798
-331	-282	744
-228	-364	757
-214	-254	785
-78	-245	693
-43	-322	700
-33	-223	680
29	-324	654
7	-330	680
99	-231	625
116	-425	747
181	-341	830
105	-381	803
137	-287	898
147	-369	860
120	-286	887
133	-297	873
132	-299	865
132	-255	843
110	-281	882
104	-267	852
96	-290	825
101	-255	729
82	-331	684
40	-302	598
-58	-138	502
-115	-291	435
-220	-342	619
-326	-172	538
-383	-301	514
-587	-246	735
-661	-99	545
-728	-469	698
-897	-341	778
-988	-277	663
-1101	-317	769
-1083	-300	695
-1123	-456	777
-1092	-387	699
-1227	-496	808
-1100	-400	877
-1086	-289	669
-1136	-286	685
-998	-163	725
-1074	-55	623
-1118	194	828
-981	-219	291
-988	-264	157
-937	-166	120
-922	-219	108
-924	-292	117
-922	-304	136
-921	-301	174
-923	-312	159
-909	-324	147
-922	-348	210
-924	-271	262
-927	-241	286
-949	-292	314
-954	-235	417
-952	-248	444
-960	-252	530
-958	-196	510
-982	-223	630
-984	-157	619
-1006	-225	639
-1022	-274	654
-1024	-260	663
-986	-278	635
-977	-305	642
-948	-329	656
-908	-364	639
-828	-413	675
-807	-357	704
-763	-359	703
-674	-353	736
-568	-340	769
-523	-331	716
-453	-364	782
-377	-353	772
-352	-306	746
-238	-342	731
-191	-359	756
-163	-306	675
-67	-333	706
-29	-351	656
-13	-422	714
0	-348	683
56	-365	735
54	-366	735
66	-394	836
111	-421	826
63	-374	892
63	-415	851
55	-397	910
78	-330	864
86	-316	869
72	-321	874
93	-364	848
53	-326	820
67	-323	752
44	-311	655
-9	-317	557
-32	-319	570
-106	-340	530
-208	-272	535
-314	-232	468
-363	-363	451
-616	-284	466
-693	-286	622
-782	-273	749
-850	-207	568
-887	-470	857
-1040	-378	845
-1003	-495	793
-1104	-401	1024
-1111	-348	815
-1056	-565	813
-1080	-555	790
-1037	-377	731
-967	-140	611
-957	-312	507
-1013	-235	515
-1035	-159	441
-1032	-146	304
-1010	-91	277
-941	-159	271
-967	-212	181
-954	-244	127
-923	-235	120
-936	-256	124
-941	-318	167
-957	-291	206
-943	-343	205
-924	-368	220
-948	-312	215
-948	-311	172
-926	-310	162
-929	-265	145
-940	-283	156
-951	-270	182
-967	-223	255
-952	-148	228
-989	-229	349
-981	-193	411
-1027	-168	604
-1009	-154	549
-1051	-257	700
-1072	-209	688
-1070	-199	713
-1095	-239	661
-1072	-253	655
-1084	-283	675
-1021	-381	714
-1001	-298	741
-972	-318	732
-891	-366	778
-852	-343	791
-732	-360	774
-649	-343	829
-494	-307	717
-462	-369	782
-298	-367	674
-231	-341	658
-183	-265	645
-85	-309	675
29	-278	553
42	-409	619
154	-324	579
192	-370	602
162	-411	645
226	-265	613
254	-315	716
236	-310	726
281	-219	816
222	-231	862
273	-345	904
232	-215	935
258	-202	858
244	-349	862
251	-191	790
229	-269	742
201	-284	676
183	-273	594
141	-192	517
108	-337	538
-20	-279	436
-131	-294	574
-215	-322	471
-345	-213	636
-406	-386	603
-603	-297	820
-736	-378	624
-777	-421	1024
-861	-168	620
-855	-550	903
-1014	-381	903
-1060	-346	723
-1056	-377	1019
-1068	-325	663
-1171	-400	946
-991	-25	759
-1027	-147	588
-1074	-380	568
-1029	-269	587
-988	-117	440
-993	-151	341
-994	-142	352
-1022	-159	352
-1067	-45	398
-946	-348	230
-923	-398	129
-936	-318	85
-935	-308	120
-975	-209	198
-977	-188	218
-1004	-324	290
-1030	-215	458
-963	-139	393
-990	-336	483
-996	-222	578
-1045	-232	547
-1048	-229	571
-1048	-238	622
-1062	-227	609
-1042	-286	635
-1013	-300	624
-1020	-349	688
-995	-314	677
-937	-365	758
-889	-340	701
-825	-380	823
-746	-273	792
-703	-245	764
-558	-294	737
-543	-188	764
-334	-254	613
-324	-310	669
-234	-194	504
-91	-501	622
-97	-347	580
-37	-439	695
-5	-289	669
6	-321	802
58	-221	758
78	-314	850
35	-268	827
71	-273	827
112	-347	877
75	-283	842
114	-391	914
98	-309	907
94	-305	885
105	-422	933
94	-328	925
93	-349	932
83	-305	911
85	-413	918
69	-249	912
78	-323	913
83	-286	944
49	-303	946
73	-381	975
59	-278	925
58	-388	903
61	-279	835
34	-239	753
50	-322	650
-1	-296	660
0	-229	645
-177	-248	533
-118	-263	553
-302	-294	382
-332	-413	566
-474	-322	449
-642	-246	552
-672	-367	527
-891	-335	702
-927	-324	590
-1036	-368	612
-1107	-510	753
-1215	-255	700
-1196	-526	748
