A_X [mg]	A_Y [mg]	A_Z [mg]
313	68	943
328	95	977
304	98	873
346	77	977
309	70	919
304	75	924
324	81	914
326	93	929
314	60	926
341	76	939
347	108	935
336	69	930
342	70	935
339	90	939
335	70	930
357	81	928
369	87	962
340	69	940
362	64	915
365	69	951
341	75	945
363	83	936
365	86	956
368	77	949
375	72	976
360	71	990
356	73	942
352	58	937
370	67	966
384	95	957
361	76	940
346	66	928
327	77	922
344	72	944
330	60	916
332	51	917
358	67	929
346	84	901
364	81	925
340	83	908
359	80	921
382	97	938
346	87	904
345	55	914
353	66	911
352	80	899
358	80	924
364	59	938
374	72	951
375	84	931
373	74	943
372	66	971
368	55	945
362	66	948
334	58	927
333	47	922
348	63	927
352	79	896
360	81	915
356	72	961
353	69	958
360	78	917
359	72	899
352	62	921
356	66	923
375	81	893
393	82	928
381	73	961
370	77	941
380	62	955
369	45	941
358	68	935
365	62	921
369	23	921
368	47	951
358	88	909
362	67	923
381	48	962
363	75	916
325	103	871
332	100	928
360	77	975
344	84	943
319	87	941
326	58	941
316	74	923
310	62	923
316	57	924
316	69	934
315	51	940
302	58	938
295	55	966
299	71	994
284	57	983
276	49	935
277	58	928
276	40	964
275	37	971
268	29	969
259	37	954
244	28	951
258	20	953
259	30	962
252	30	977
268	27	981
249	19	989
241	17	976
247	15	969
233	13	963
226	3	959
225	-14	958
222	4	957
213	24	952
202	6	944
205	-2	961
200	7	954
201	24	960
203	-0	972
199	-16	976
196	3	975
202	4	951
220	15	974
200	-10	977
183	-17	964
194	-4	967
193	-11	954
199	-11	956
211	-17	982
206	-21	998
203	-26	983
209	-19	977
212	-22	994
207	-28	1001
206	-8	1005
205	-13	992
206	-28	995
213	-17	1019
203	-18	983
214	-29	988
215	-24	983
205	-28	974
217	-34	978
207	-27	937
197	-31	953
203	-33	950
212	-17	948
221	-15	971
222	-24	977
218	-18	987
213	-17	990
209	-24	984
209	-20	965
210	-18	948
219	-15	953
223	-16	969
215	-20	972
210	-20	968
210	-12	966
212	0	971
210	-12	978
209	-10	968
205	-17	956
214	-15	967
218	-5	968
212	-19	970
216	-22	979
209	-19	969
207	-13	964
207	-21	949
211	-20	953
204	-12	950
205	-28	941
223	-24	959
178	-33	946
156	-49	948
218	-4	959
199	-33	950
179	-43	1008
190	-23	1007
178	-59	957
212	-50	988
187	-58	976
159	-61	988
200	-86	994
204	-89	947
174	-71	965
165	-95	988
174	-86	980
179	-73	986
162	-61	982
156	-51	998
156	-86	994
162	-79	976
148	-44	971
144	-77	989
178	-97	1001
174	-70	962
174	-55	994
153	-65	1003
149	-85	1003
172	-84	999
164	-71	978
144	-68	1002
128	-94	974
150	-112	955
155	-55	948
146	-76	953
148	-103	985
156	-71	994
150	-77	972
133	-69	970
135	-81	986
113	-81	968
122	-54	986
135	-48	975
115	-78	966
116	-104	990
105	-88	946
100	-71	941
102	-75	959
76	-114	939
89	-116	946
109	-72	972
104	-75	987
129	-114	1013
135	-125	1010
126	-105	991
130	-117	1019
109	-160	1006
140	-135	1020
150	-125	1029
115	-166	1039
126	-176	1065
125	-174	1016
131	-138	1024
103	-150	993
87	-188	1002
103	-178	1011
81	-170	957
88	-172	1002
111	-132	1023
77	-104	974
58	-151	951
94	-142	989
68	-104	978
52	-144	962
65	-162	971
50	-147	960
91	-132	1002
104	-116	1020
98	-151	1025
127	-130	1037
130	-111	1000
144	-139	984
181	-116	993
203	-107	1018
228	-109	1044
221	-118	994
186	-118	984
153	-136	996
149	-152	983
123	-151	1000
63	-153	992
70	-120	988
74	-135	997
54	-167	967
66	-125	915
103	-133	920
146	-147	978
148	-113	1029
128	-134	1029
151	-133	1005
163	-126	1001
141	-147	958
141	-107	1009
117	-116	1023
93	-110	972
98	-69	987
88	-128	997
84	-125	1081
72	-122	1036
100	-114	1031
108	-109	1048
91	-111	997
104	-89	1022
108	-122	996
129	-116	1004
110	-118	993
101	-104	935
107	-110	922
103	-120	905
111	-97	908
88	-109	933
92	-99	941
106	-95	972
58	-79	959
31	-109	937
44	-138	966
52	-113	981
60	-115	946
82	-109	951
107	-111	1019
91	-143	992
117	-143	970
125	-135	993
106	-120	984
127	-130	980
139	-142	1004
139	-91	1031
97	-110	1019
76	-166	1031
85	-168	1025
71	-119	1014
73	-100	1035
76	-118	1039
73	-116	1020
105	-116	987
112	-55	999
97	-53	997
106	-100	990
128	-116	984
132	-84	972
120	-40	978
122	-83	971
114	-101	980
99	-92	965
83	-76	965
60	-73	976
51	-97	970
43	-79	957
39	-54	924
56	-55	942
71	-67	983
80	-76	997
78	-68	972
92	-68	948
113	-83	977
114	-76	1001
119	-75	989
100	-92	976
90	-88	986
77	-102	999
56	-97	986
59	-84	969
59	-92	991
54	-84	1009
61	-98	1009
71	-100	1022
75	-90	1005
98	-76	1020
102	-82	1032
104	-100	1004
126	-72	1004
114	-65	992
111	-83	996
110	-75	1003
90	-80	1005
83	-77	1009
63	-61	993
55	-74	964
84	-64	956
90	-39	990
76	-47	1009
69	-60	991
76	-58	993
76	-46	993
81	-67	981
101	-83	991
100	-55	987
109	-58	988
118	-54	1011
121	-71	1015
116	-86	1025
99	-58	1028
92	-74	1009
91	-90	1009
90	-73	1000
80	-75	994
73	-73	993
90	-82	992
105	-55	1004
98	-20	993
97	-65	996
97	-79	1009
96	-46	972
109	-30	984
108	-45	1012
96	-77	1003
90	-71	994
85	-40	972
88	-49	986
92	-67	995
87	-56	971
80	-60	1012
83	-69	1027
90	-65	990
93	-72	986
115	-64	995
131	-56	1007
107	-83	984
106	-82	966
122	-63	954
123	-65	970
120	-84	1001
124	-93	1003
131	-56	1009
113	-44	1006
101	-83	1020
104	-95	1035
102	-65	1006
89	-56	1006
80	-64	999
97	-67	973
111	-64	992
100	-44	972
103	-33	960
114	-41	980
116	-44	983
121	-29	994
112	-24	999
99	-49	981
105	-50	967
115	-22	986
123	-29	1012
123	-53	1020
106	-43	1003
90	-39	987
98	-49	994
110	-44	994
108	-40	986
109	-35	996
104	-43	1000
120	-47	991
147	-25	984
137	-18	992
124	-36	1013
112	-56	994
108	-52	960
127	-36	979
116	-14	990
107	-22	981
125	-26	978
117	-16	982
102	-36	995
96	-20	975
109	-12	981
112	-12	996
96	-13	980
107	-24	974
124	3	965
124	3	975
124	-18	1005
122	-8	1003
119	-26	990
112	-4	981
103	5	962
125	-33	987
139	1	1013
115	5	988
120	-18	987
133	9	990
131	3	1006
115	-15	1018
122	-0	977
133	1	956
122	-0	971
138	-8	997
135	-10	1011
133	6	981
133	-15	1000
99	-19	987
114	7	945
142	-3	984
131	-2	985
129	9	983
122	4	991
131	3	964
149	21	968
127	6	984
118	-32	959
131	-15	954
129	-1	990
123	-29	1007
139	-20	1006
140	-4	1007
130	11	998
134	-5	1001
129	-22	1005
123	23	981
126	5	987
125	-10	1016
105	-7	982
102	-22	954
120	3	960
131	15	956
140	4	962
134	-2	968
127	-4	972
131	-6	952
138	-1	957
129	12	961
128	10	967
151	-1	1006
140	7	984
108	17	966
116	4	986
123	-29	1001
109	-7	958
125	37	972
134	23	1000
124	7	954
126	-5	973
117	-21	960
126	-6	968
126	-5	982
118	-18	967
127	-1	987
109	10	981
106	1	973
126	0	969
130	11	989
124	11	986
120	-12	989
131	-5	977
149	15	950
148	12	987
136	23	976
125	12	948
134	8	973
135	12	985
133	22	983
126	6	979
120	-23	982
129	-2	994
122	-3	975
143	11	973
135	-10	985
122	-18	987
127	21	961
133	6	972
150	-17	1019
125	-12	986
134	16	980
119	-10	969
126	-20	968
149	28	969
128	23	952
132	15	983
135	19	976
147	-2	972
130	16	994
142	-14	1006
156	4	1012
157	21	1010
161	-13	990
141	16	981
159	0	985
153	43	974
164	17	1007
149	-16	1011
150	56	966
178	31	1009
152	18	1020
166	32	977
175	-14	989
173	20	962
139	31	1014
144	-30	1029
140	0	932
117	17	948
167	-26	1006
138	4	989
135	49	934
176	10	994
165	34	991
178	3	1001
156	12	1037
149	87	953
202	-7	1005
164	29	1018
152	63	935
175	-9	979
160	46	961
163	8	979
156	-11	1005
173	101	921
203	53	978
192	41	969
193	59	963
179	29	966
171	51	954
153	15	952
147	15	855
205	67	874
192	51	910
221	51	916
234	28	969
208	97	987
236	98	973
208	-7	1014
183	44	998
215	34	936
228	24	1023
201	-6	1024
203	-14	956
203	49	968
190	-5	1006
165	-24	961
145	32	861
207	27	927
222	40	957
209	26	986
194	6	949
168	49	862
200	56	963
239	60	1053
267	71	1019
284	70	955
303	64	1033
283	29	990
265	-8	899
290	25	938
304	58	935
315	34	978
325	34	947
364	46	891
386	38	950
380	63	1005
383	73	904
414	75	896
407	88	955
345	76	861
400	90	940
457	61	900
417	70	879
435	94	936
457	86	929
422	86	967
406	43	902
404	82	963
410	87	940
411	38	926
415	53	874
410	59	806
370	63	914
412	73	936
460	68	965
402	92	915
433	85	861
428	43	935
398	91	935
424	106	912
414	65	914
452	76	882
426	67	931
415	105	968
431	88	947
432	56	939
443	86	907
441	92	888
464	79	901
466	35	910
464	72	915
460	81	881
456	74	884
445	70	918
420	58	904
416	88	894
421	74	894
420	75	905
406	50	915
397	50	900
409	102	874
404	79	889
394	54	937
392	69	947
375	80	908
373	81	887
365	50	913
323	50	867
401	76	945
370	20	1043
253	28	1004
339	93	1000
324	36	951
308	28	1072
306	72	1086
227	62	965
290	45	1014
309	39	1002
216	68	991
231	67	1017
278	48	964
283	67	990
233	60	1004
184	33	999
194	25	947
198	24	867
181	51	938
160	36	915
256	-7	916
370	84	984
341	151	1075
269	102	1233
255	23	1121
305	-18	1011
343	61	1131
297	79	1003
286	21	989
320	-13	1105
264	-15	994
237	64	950
231	103	936
155	70	966
145	75	1010
138	60	827
141	78	846
134	45	901
97	5	827
108	67	836
122	76	778
138	59	831
110	8	819
120	-8	791
158	15	788
144	15	770
140	10	802
172	2	733
167	12	683
162	21	674
287	65	715
333	88	1021
277	85	1105
298	105	1008
308	97	1147
272	73	1188
247	58	1189
272	55	1215
323	76	1204
320	45	1225
296	50	1215
325	91	1197
377	53	1210
381	54	1173
344	100	1101
357	112	1032
376	68	991
341	55	898
305	59	843
312	48	820
303	47	730
235	7	741
183	2	727
162	3	670
154	-7	671
143	10	709
135	17	748
139	19	710
111	21	652
94	41	674
110	62	726
123	50	709
176	50	758
203	53	874
204	68	989
245	91	1057
272	63	1022
315	57	1099
280	44	1204
247	58	1242
265	48	1215
277	27	1207
284	59	1308
221	32	1328
200	31	1262
227	39	1170
236	52	1161
228	51	1194
219	36	1138
231	54	1072
225	34	1045
204	28	1025
196	41	979
191	34	906
179	34	888
165	38	867
163	25	836
165	30	832
164	57	812
184	59	845
184	49	856
153	31	855
97	17	893
48	7	886
33	13	875
10	18	905
-7	-1	937
3	17	964
28	18	959
69	10	951
92	29	997
102	25	1025
134	31	999
146	19	1006
136	-2	1057
126	45	1066
98	31	1043
88	11	1064
61	51	1060
30	25	1030
50	11	1044
51	41	1034
45	38	1024
45	23	1035
51	25	1018
52	43	987
52	35	979
74	10	987
71	24	980
60	17	978
63	-6	994
47	1	984
25	-2	965
37	8	983
35	16	994
11	-7	992
22	-0	1000
27	4	1009
16	-3	1033
33	3	1012
38	29	1004
16	36	1006
19	17	978
36	22	1009
22	18	993
5	38	979
14	30	1014
25	-9	1030
28	-3	1044
14	18	1005
16	10	970
43	-10	1015
18	-0	1013
9	-4	1004
28	2	1011
18	5	990
22	-3	992
33	18	1010
32	13	1015
41	8	994
34	23	998
12	-2	997
44	-11	904
53	12	933
11	13	1010
3	5	937
19	-2	958
45	-7	1016
25	-8	1005
36	22	986
60	21	994
37	0	1011
33	-9	984
27	-31	987
34	1	991
28	4	972
40	-1	1031
44	-10	1051
27	-22	1032
36	11	1038
35	10	1023
51	-3	1058
66	-2	1054
49	11	1044
43	-1	1033
65	14	1015
65	26	1026
61	-1	1031
62	16	1025
28	5	963
46	3	952
54	23	993
48	21	1001
64	26	987
45	26	954
49	27	952
54	30	997
53	19	1015
66	11	997
52	33	984
42	9	972
65	1	979
66	32	985
62	-5	990
62	-20	1017
50	-20	1002
60	-25	1005
80	-18	1039
77	-9	1022
63	-13	1003
50	-23	997
47	12	984
50	16	976
50	27	959
57	59	979
62	42	973
80	24	971
88	32	994
65	21	981
74	-6	1011
79	8	962
62	31	938
58	14	963
47	0	957
34	-12	951
44	-9	913
66	30	944
72	16	973
76	3	952
84	12	956
81	4	975
101	-5	992
126	15	992
96	35	977
78	-16	986
92	-29	990
79	7	948
85	23	955
87	36	995
60	17	967
80	5	953
99	34	974
94	18	977
116	-14	1001
123	33	995
99	27	971
122	9	1000
151	40	1019
136	-0	1017
143	-7	1015
132	32	1007
109	18	1004
105	2	977
115	16	969
127	17	993
124	-6	1024
113	-2	1024
88	31	945
121	41	970
132	6	1009
131	41	997
113	36	990
98	-18	959
153	15	986
117	3	982
125	35	966
118	-3	954
119	23	924
129	46	949
93	-1	963
141	54	974
121	-2	1002
116	57	980
143	40	1011
136	-1	1001
153	28	1007
123	-4	1016
115	53	951
140	18	1005
104	-11	1003
127	51	969
122	7	998
115	66	958
150	38	998
99	-7	1005
104	105	927
139	-22	1003
110	23	995
122	72	963
135	-48	1021
126	63	962
133	28	979
105	-37	1018
116	93	942
148	-6	996
116	3	997
130	98	939
167	-22	1014
146	35	980
160	51	966
158	-31	1051
121	80	972
154	13	962
144	-30	1024
106	109	932
149	-13	994
131	-26	1051
92	102	935
129	-13	1001
121	28	1021
113	96	939
138	-38	1016
127	53	984
121	38	945
139	-44	1004
148	105	968
147	-13	1014
128	-56	1001
114	65	923
137	-23	981
147	-21	1023
110	81	947
131	28	949
172	13	1007
136	82	943
159	6	986
173	-29	1053
108	87	931
127	54	927
154	-35	1030
107	41	955
128	53	914
161	-11	1004
108	15	978
110	49	957
150	12	998
132	3	1009
115	50	985
145	13	972
166	-37	1040
112	44	974
121	45	911
171	-36	974
140	-6	970
113	82	915
143	46	946
170	-45	1023
133	57	972
136	85	947
175	-10	1029
153	-5	1027
113	59	942
132	47	909
171	-37	976
140	21	1006
106	85	931
153	-1	987
172	-23	1061
127	47	1005
121	58	986
142	-22	994
156	-53	1014
150	52	999
135	21	955
189	-87	1032
184	-17	1050
117	64	941
136	10	970
141	-52	1029
114	1	961
97	78	907
114	75	942
149	3	1018
134	-2	1050
111	87	975
147	68	972
187	-49	1092
163	-42	1063
121	51	936
133	57	941
178	-29	1049
160	-13	1056
136	61	962
169	-14	992
146	-45	1034
112	52	928
138	92	905
174	17	976
175	-46	1027
128	29	973
116	102	865
162	36	946
173	-24	1021
134	19	981
118	96	907
150	74	931
179	-14	1028
162	-20	1042
134	32	1009
127	77	932
155	51	957
178	-5	1029
153	-5	1028
121	48	976
118	84	934
143	45	972
175	-11	1013
159	7	1022
129	69	971
131	80	950
166	31	985
190	-13	1012
157	10	1009
119	81	957
131	83	945
172	13	990
175	-8	1029
134	21	1006
115	84	966
118	100	944
142	28	951
178	1	1015
152	6	1007
123	39	942
119	70	911
122	59	926
150	21	967
161	-8	989
150	37	985
131	81	959
131	79	952
174	25	985
183	-21	1039
133	25	1005
118	70	922
149	52	943
172	31	998
170	5	1023
155	6	1007
141	65	960
139	88	940
159	50	964
178	14	985
168	1	993
150	29	987
137	77	937
147	90	917
171	51	941
183	4	982
178	-3	999
155	30	957
140	76	923
154	88	909
191	49	952
202	20	994
174	28	973
166	54	924
178	74	930
180	49	952
199	16	968
207	16	1041
173	22	907
192	61	1045
122	53	711
