A_X [mg]	A_Y [mg]	A_Z [mg]
-400	-1619	-185
-301	-1684	-218
-137	-1533	-293
239	-1324	-344
703	-806	-481
775	-643	-472
137	-937	-386
-215	-1265	-260
-346	-1871	-243
-466	-2024	-238
-514	-2056	-173
-565	-1887	-153
-667	-1701	-43
-693	-1655	208
-767	-1557	563
-784	-1567	772
-955	-1415	656
-922	-1178	803
-645	-1298	692
-560	-1301	404
-545	-1595	200
-486	-1922	-13
-437	-2104	-161
-342	-1882	-269
-291	-1557	-257
-404	-1473	-222
-411	-1464	-256
-345	-1398	-279
-198	-1331	-309
223	-1182	-349
561	-805	-395
473	-766	-319
143	-830	-352
-176	-1263	-186
-342	-1712	-196
-388	-1983	-252
-558	-2169	-141
-643	-2091	-203
-875	-1933	3
-974	-1859	355
-928	-1701	784
-841	-1474	881
-615	-1084	663
-562	-1158	571
-572	-1130	313
-641	-1472	147
-581	-1948	132
-495	-1906	24
-369	-1755	-140
-352	-1565	-237
-383	-1497	-243
-343	-1510	-231
-279	-1482	-258
-263	-1419	-325
-142	-1352	-379
310	-986	-354
510	-774	-368
194	-774	-294
-6	-1172	-174
-227	-1583	-177
-365	-1697	-252
-552	-1961	-72
-627	-1872	-70
-802	-1832	3
-1032	-1798	323
-948	-1621	595
-738	-1412	663
-638	-1069	545
-762	-1244	464
-739	-1084	295
-699	-1439	176
-581	-1786	85
-461	-1770	-43
-358	-1646	-92
-287	-1498	-120
-304	-1422	-140
-279	-1411	-153
-257	-1405	-180
-206	-1287	-182
-9	-1118	-228
193	-853	-304
256	-846	-274
120	-889	-246
-102	-1136	-148
-217	-1501	-99
-329	-1556	-201
-429	-1673	-108
-523	-1657	-103
-639	-1659	-148
-900	-1639	156
-963	-1600	380
-887	-1487	538
-818	-1272	481
-672	-1185	503
-662	-1200	494
-656	-1214	326
-617	-1699	181
-485	-1863	60
-306	-1776	59
-263	-1583	-34
-274	-1408	-128
-306	-1341	-173
-292	-1372	-189
-281	-1396	-209
-260	-1359	-308
-0	-1144	-338
342	-967	-340
313	-810	-342
69	-872	-246
-120	-1332	-127
-312	-1466	-161
-429	-1662	-153
-522	-1732	-38
-604	-1738	-103
-882	-1780	177
-1066	-1744	488
-910	-1551	742
-644	-1337	749
-495	-1219	638
-556	-1262	561
-574	-1243	381
-577	-1762	259
-441	-1929	159
-353	-1820	67
-311	-1613	-31
-351	-1423	-127
-355	-1371	-181
-304	-1384	-193
-232	-1342	-205
-93	-1246	-264
212	-882	-340
411	-793	-327
249	-870	-298
20	-1007	-320
-224	-1556	-187
-421	-1736	-131
-562	-1930	-32
-594	-1804	-12
-590	-1747	-73
-761	-1696	391
-881	-1639	850
-783	-1523	1025
-546	-1293	851
-366	-1214	696
-399	-1270	497
-480	-1281	317
-592	-1871	310
-566	-1992	153
-468	-1905	-45
-391	-1641	-158
-362	-1404	-192
-334	-1315	-205
-264	-1328	-217
-252	-1332	-215
-150	-1221	-202
256	-819	-208
367	-577	-237
252	-768	-199
87	-831	-233
-236	-1371	-86
-349	-1745	-60
-385	-2020	-133
-508	-2040	-88
-638	-1877	-106
-853	-1718	51
-886	-1718	280
-875	-1591	540
-917	-1388	477
-845	-1055	456
-896	-1169	468
-844	-1219	279
-723	-1619	196
-492	-1857	74
-340	-1786	53
-338	-1604	16
-395	-1481	-95
-397	-1446	-188
-350	-1451	-206
-306	-1512	-216
-190	-1522	-281
287	-1025	-324
501	-798	-270
333	-886	-167
144	-1005	-265
-162	-1392	-220
-333	-1433	-105
-493	-1717	-34
-569	-1890	-38
-737	-1969	28
-934	-1734	469
-867	-1334	987
-311	-1282	1198
-276	-1189	918
-823	-1382	674
-901	-1475	267
-634	-1682	242
-510	-2271	358
-515	-2303	2
-406	-1844	-239
-350	-1688	-251
-369	-1583	-306
-329	-1455	-339
-182	-1338	-336
-161	-1103	-410
-119	-934	-411
-42	-743	-334
-60	-719	-292
-15	-501	-304
-208	-492	16
-445	-805	458
-285	-1070	317
-76	-1546	101
-344	-2230	586
-578	-2276	632
-564	-1898	494
-498	-1408	1026
-305	-1218	1163
-612	-1275	819
-947	-1134	604
-831	-1513	511
-509	-1502	333
-464	-1666	203
-605	-1952	44
-639	-1861	-225
-448	-1610	-259
-410	-1495	-199
-470	-1405	-301
-422	-1378	-393
-352	-1329	-409
-279	-1314	-389
-219	-1261	-422
-264	-1158	-371
-118	-1037	-305
88	-639	57
-9	-527	475
270	-690	294
249	-961	116
53	-1507	261
-400	-2077	479
-394	-2399	933
-697	-1981	854
-658	-1470	863
-32	-1530	878
-236	-1335	629
-568	-1265	602
-882	-1322	395
-889	-1174	249
-846	-1584	40
-650	-1657	-190
-366	-1355	-294
-278	-1179	-225
-375	-1213	-214
-486	-1422	-283
-498	-1709	-366
-451	-1937	-551
-279	-1876	-657
-69	-1727	-403
275	-1138	-230
685	-295	-97
499	-564	112
38	-947	30
-118	-1084	128
-371	-1329	319
-171	-1506	631
-464	-1638	634
-611	-1578	462
-286	-1495	602
-266	-1563	474
-394	-1433	438
-789	-1426	384
-894	-1292	254
-688	-1311	128
-468	-1348	0
-382	-1333	-62
-328	-1108	-86
-272	-930	-104
-292	-924	-131
-341	-1140	-159
-381	-1417	-212
-419	-1686	-311
-335	-1667	-483
-138	-1603	-397
381	-1190	-317
479	-638	-216
-103	-923	-73
-38	-939	93
-169	-894	-189
-193	-1268	282
-552	-1303	711
-545	-1160	-188
-668	-1758	97
-1084	-1602	356
-966	-1378	15
-638	-1263	357
-271	-1348	581
-362	-1202	386
-501	-1420	210
-502	-1546	66
-365	-1423	45
-312	-1246	18
-294	-1133	-72
-343	-1133	-150
-356	-1263	-205
-329	-1468	-220
-283	-1408	-256
-182	-1215	-287
-61	-1121	-234
132	-935	-159
162	-666	-186
-258	-870	-134
-377	-1092	-26
-402	-1149	52
-235	-1381	39
-437	-1392	74
-654	-1598	-42
-857	-1811	181
-1148	-1439	295
-841	-1337	247
-625	-1162	415
-621	-1242	346
-651	-1162	242
-683	-1562	49
-572	-1612	-48
-381	-1480	26
-344	-1346	26
-343	-1251	-83
-383	-1281	-144
-356	-1395	-172
-281	-1507	-133
-245	-1528	-199
16	-1221	-267
391	-1042	-284
300	-852	-408
-103	-814	-251
-267	-1155	-140
-273	-1346	-121
-425	-1567	-114
-595	-1632	-34
-604	-1586	-140
-787	-1567	-151
-865	-1558	123
-804	-1501	592
-861	-1347	590
-836	-1152	391
-775	-1349	274
-605	-1297	207
-506	-1607	207
-445	-1633	171
-427	-1599	90
-400	-1442	-45
-353	-1305	-115
-314	-1253	-139
-264	-1284	-160
-240	-1323	-182
-207	-1280	-242
-122	-1167	-304
32	-1068	-308
93	-1018	-274
-16	-722	-229
-346	-975	-57
-382	-1217	36
-288	-1267	-85
-285	-1504	-67
-423	-1694	-216
-668	-1986	-166
-1261	-1862	-37
-1119	-1535	-22
-896	-1502	270
-957	-1110	402
-868	-1208	390
-757	-1071	301
-669	-1452	107
-505	-1744	-19
-300	-1707	52
-318	-1557	70
-333	-1424	-66
-379	-1382	-167
-385	-1435	-219
-335	-1562	-219
-300	-1497	-216
-161	-1217	-272
8	-1051	-245
154	-929	-292
161	-687	-269
-125	-943	-15
-205	-1168	30
-316	-1325	-23
-322	-1508	-15
-613	-1699	97
-601	-1877	-34
-918	-2028	74
-1215	-1570	290
-757	-1413	409
-701	-1182	426
-848	-1253	288
-826	-1123	172
-695	-1344	76
-529	-1555	75
-390	-1571	37
-374	-1457	-30
-371	-1359	-114
-350	-1368	-156
-339	-1423	-176
-296	-1507	-164
-267	-1422	-195
-139	-1229	-258
162	-1014	-185
288	-911	-256
117	-787	-273
-192	-1121	-92
-292	-1332	32
-330	-1345	-3
-323	-1328	-40
-348	-1472	-76
-487	-1733	-149
-800	-2001	-20
-1129	-1738	132
-1090	-1543	289
-848	-1238	408
-799	-1179	471
-822	-1142	348
-742	-1293	139
-561	-1568	52
-346	-1591	70
-295	-1535	95
-346	-1425	-26
-369	-1434	-158
-361	-1482	-213
-325	-1579	-205
-304	-1559	-202
-230	-1415	-312
139	-1176	-286
469	-891	-232
360	-701	-265
58	-979	-173
-226	-1324	-90
-332	-1410	-40
-398	-1551	1
-468	-1607	39
-499	-1783	-146
-812	-2061	-33
-967	-1786	140
-861	-1525	532
-835	-1214	728
-810	-1159	638
-655	-1114	456
-511	-1357	188
-382	-1674	101
-246	-1722	205
-297	-1628	166
-322	-1471	-30
-365	-1398	-172
-407	-1417	-242
-351	-1541	-238
-281	-1460	-205
-181	-1212	-282
48	-1023	-239
309	-819	-215
230	-657	-279
-2	-966	-168
-232	-1333	-89
-401	-1435	-3
-412	-1514	87
-431	-1564	99
-360	-1722	-84
-658	-2112	174
-1025	-1861	656
-1029	-1517	732
-818	-1190	641
-770	-1296	376
-755	-1117	104
-630	-1266	65
-547	-1568	138
-506	-1555	84
-431	-1500	-39
-413	-1449	-171
-387	-1435	-224
-307	-1433	-206
-259	-1486	-162
-234	-1402	-155
-161	-1173	-154
274	-874	-107
509	-673	-178
112	-818	-67
-236	-1267	74
-257	-1626	2
-295	-1704	-122
-475	-1644	-31
-458	-1467	-57
-739	-1461	58
-934	-1581	200
-790	-1478	251
-720	-1443	429
-804	-1131	316
-889	-1105	277
-874	-1165	160
-714	-1377	47
-580	-1669	28
-471	-1646	4
-418	-1568	-45
-374	-1435	-120
-317	-1329	-158
-296	-1259	-164
-252	-1321	-154
-262	-1384	-137
-197	-1300	-172
96	-982	-215
280	-849	-202
228	-881	-216
42	-1029	-311
-235	-1403	-232
-390	-1590	-152
-457	-1672	-126
-577	-1631	45
-608	-1535	-48
-698	-1675	-74
-774	-1730	232
-724	-1471	669
-782	-1220	647
-948	-1137	439
-839	-1202	252
-575	-1287	123
-475	-1782	92
-457	-1760	112
-448	-1660	95
-434	-1555	-36
-417	-1428	-155
-347	-1326	-179
-242	-1274	-151
-201	-1206	-126
-218	-1090	-184
-103	-906	-256
-40	-970	-252
11	-878	-313
-213	-824	-210
-356	-1099	-44
-316	-1173	-56
-362	-1243	-76
-406	-1372	47
-453	-1543	30
-470	-1788	-72
-795	-1981	160
-1016	-1650	393
-917	-1491	407
-765	-1197	428
-767	-1225	365
-722	-1110	210
-683	-1360	114
-566	-1452	71
-422	-1446	52
-344	-1408	-8
-339	-1345	-118
-334	-1364	-180
-304	-1401	-188
-310	-1487	-175
-278	-1477	-199
-277	-1245	-277
-96	-1212	-259
-49	-1176	-290
1	-779	-191
64	-747	53
-181	-865	140
-147	-950	88
-200	-1158	12
-283	-1520	-9
-419	-1818	-315
-907	-2245	-208
-1366	-1655	-107
-923	-1437	100
-796	-1280	375
-891	-1057	502
-710	-1057	393
-683	-1280	134
-586	-1584	8
-331	-1601	61
-242	-1543	125
-315	-1380	3
-385	-1337	-129
-412	-1312	-212
-362	-1362	-217
-265	-1300	-179
-217	-1169	-206
-80	-979	-201
95	-923	-134
131	-811	-165
-105	-739	-51
-306	-1051	137
-240	-1264	96
-272	-1386	-24
-384	-1492	44
-464	-1594	44
-600	-1720	56
-908	-1632	203
-893	-1415	312
-766	-1423	258
-762	-1119	164
-845	-1179	169
-837	-1038	109
-762	-1353	17
-583	-1448	-23
-392	-1478	-52
-331	-1421	-53
-331	-1359	-100
-308	-1336	-139
-306	-1317	-158
-279	-1341	-143
-292	-1362	-195
-189	-1257	-251
223	-1034	-176
389	-908	-234
113	-865	-113
-259	-1149	50
-271	-1379	27
-307	-1412	-93
-481	-1453	-39
-510	-1429	-35
-588	-1432	-76
-790	-1446	125
-850	-1349	326
-802	-1396	418
-768	-1206	246
-740	-1140	215
-708	-1172	229
-655	-1218	129
-637	-1608	54
-512	-1575	-27
-399	-1481	-81
-328	-1293	-107
-303	-1183	-110
-306	-1219	-123
-296	-1346	-137
-257	-1370	-132
-230	-1229	-160
-105	-980	-176
-47	-944	-144
-41	-932	-147
-180	-998	-111
-344	-1203	-24
-296	-1130	5
-281	-1088	12
-337	-1180	71
-408	-1377	-69
-541	-1847	-369
-1101	-2269	-402
-1292	-1648	-178
-1085	-1216	98
-1172	-1136	288
-1193	-1099	146
-786	-1134	41
-551	-1544	-6
-354	-1627	9
-311	-1623	88
-395	-1498	23
-365	-1425	-124
-387	-1350	-195
-381	-1418	-198
-352	-1524	-197
-308	-1462	-202
-184	-1260	-244
53	-1142	-178
325	-872	-292
158	-613	-237
-120	-854	33
-180	-1142	-15
-311	-1380	-130
-474	-1716	-33
-596	-1828	-58
-657	-1977	-129
-1113	-1848	4
-946	-1605	350
-730	-1462	643
-751	-1076	657
-749	-1185	498
-718	-1156	253
-577	-1543	96
-377	-1753	116
-290	-1687	148
-349	-1493	33
-378	-1411	-129
-427	-1368	-217
-396	-1458	-249
-301	-1478	-214
-244	-1331	-238
-113	-1140	-283
161	-996	-213
324	-772	-280
32	-743	-257
-209	-1072	-22
-191	-1337	52
-271	-1581	-17
-420	-1752	71
-435	-1699	14
-523	-1807	-35
-962	-1821	410
-969	-1651	722
-762	-1460	661
-702	-1109	486
-696	-1247	348
-633	-1141	191
-562	-1488	88
-521	-1626	49
-489	-1596	-2
-431	-1521	-80
-396	-1444	-182
-364	-1356	-203
-306	-1366	-206
-267	-1381	-174
-236	-1314	-138
-42	-1011	-121
201	-794	-118
268	-873	-166
66	-991	-104
-190	-1268	7
-236	-1334	42
-318	-1361	-4
-373	-1411	-1
-427	-1521	-70
-516	-1811	-108
-843	-1958	56
-1062	-1710	205
-1006	-1477	328
-849	-1129	453
-777	-1222	374
-692	-1148	220
-593	-1425	147
-476	-1481	116
-430	-1551	128
-452	-1509	48
-442	-1525	-100
-410	-1512	-181
-395	-1472	-181
-346	-1412	-138
-121	-1193	-152
111	-849	-313
174	-856	-239
152	-1008	-222
-15	-1108	-310
-271	-1425	-167
-330	-1521	-95
-412	-1514	-105
-517	-1503	-20
-527	-1475	-74
-657	-1566	-34
-878	-1638	172
-884	-1579	405
-848	-1364	507
-839	-1111	522
-857	-1284	363
-707	-1296	182
-538	-1629	114
-378	-1712	101
-385	-1687	40
-390	-1524	-73
-347	-1385	-165
-355	-1281	-203
-291	-1262	-222
-249	-1302	-232
-263	-1438	-316
-151	-1332	-460
229	-1002	-328
245	-791	-242
104	-622	-158
-117	-935	16
-268	-1413	-12
-333	-1779	-126
-600	-1974	-22
-621	-1733	2
-801	-1504	-65
-715	-1560	12
-598	-1532	201
-727	-1425	514
-813	-1144	460
-949	-1153	410
-852	-1196	262
-564	-1415	167
-346	-1716	143
-352	-1739	78
-393	-1686	-9
-370	-1450	-136
-362	-1314	-213
-337	-1241	-241
-285	-1307	-265
-240	-1319	-270
-225	-1243	-314
-34	-1081	-262
241	-898	-144
357	-710	-292
89	-1018	-294
-277	-1484	-49
-274	-1545	65
-209	-1576	56
-257	-1636	26
-385	-1692	-85
-721	-1898	60
-1063	-1771	237
-978	-1483	417
-788	-1224	503
-788	-1121	482
-836	-1224	310
-716	-1365	109
-516	-1679	1
-360	-1719	19
-362	-1682	20
-372	-1560	-119
-372	-1469	-214
-387	-1404	-218
-312	-1400	-213
-288	-1410	-189
-207	-1304	-267
74	-1065	-259
540	-829	-395
315	-726	-350
-189	-1121	-28
-192	-1448	-40
-282	-1575	-229
-451	-1755	-113
-603	-1709	48
-556	-1574	-100
-777	-1603	84
-773	-1715	323
-745	-1642	454
-791	-1316	405
-878	-1190	420
-797	-1132	326
-598	-1255	183
-510	-1515	140
-448	-1560	110
-394	-1563	28
-350	-1444	-73
-326	-1384	-142
-321	-1302	-182
-286	-1305	-181
-288	-1390	-181
-240	-1332	-258
77	-1032	-237
434	-883	-290
312	-803	-325
-46	-1051	-152
-237	-1463	-66
-360	-1516	-78
-372	-1514	-20
-404	-1489	57
-461	-1491	37
-662	-1567	308
-701	-1636	469
-656	-1621	473
-729	-1322	377
-843	-1177	395
-861	-1206	319
-669	-1240	155
-550	-1505	62
-478	-1522	17
-421	-1489	11
-395	-1380	-65
-365	-1357	-127
-351	-1332	-162
-320	-1402	-164
-307	-1432	-174
-103	-1266	-218
240	-864	-230
352	-863	-225
191	-942	-231
-78	-1172	-154
-268	-1529	-15
-353	-1535	-43
-358	-1579	50
-401	-1574	164
-455	-1483	64
-580	-1584	143
-754	-1593	266
-963	-1441	276
-994	-1146	258
-894	-1148	354
-840	-1182	227
-772	-1417	66
-605	-1684	27
-400	-1693	31
-321	-1620	16
-360	-1512	-89
-377	-1492	-147
-368	-1472	-187
-352	-1542	-180
-343	-1567	-233
-101	-1338	-304
494	-915	-277
671	-734	-283
290	-926	-195
-0	-1297	-134
-257	-1564	-79
-347	-1616	-91
-459	-1735	2
-537	-1735	-149
-751	-1762	-149
-1047	-1774	98
-1004	-1682	395
-839	-1403	588
-721	-1073	585
-805	-1218	499
-787	-1165	288
-602	-1550	139
-425	-1815	145
-308	-1787	182
-342	-1605	42
-426	-1478	-112
-462	-1399	-155
-409	-1404	-173
-329	-1449	-158
-208	-1453	-214
200	-1055	-272
469	-763	-298
291	-765	-244
32	-890	-218
-172	-1340	-215
-419	-1656	-161
-634	-1797	-24
-685	-1691	83
-596	-1578	-48
-638	-1716	69
-756	-1815	444
-754	-1587	706
-784	-1346	658
-797	-1071	598
-751	-1257	430
-586	-1242	234
-495	-1643	172
-487	-1754	121
-469	-1753	25
-430	-1572	-103
-383	-1436	-212
-368	-1338	-230
-330	-1376	-222
-305	-1383	-202
-267	-1371	-245
25	-1103	-253
336	-910	-279
355	-842	-300
75	-959	-156
-241	-1414	-45
-302	-1534	-41
-364	-1656	-20
-393	-1676	76
-380	-1796	-133
-638	-2139	-102
-1101	-2008	222
-1126	-1595	479
-971	-1353	529
-825	-1079	512
-731	-1096	392
-653	-1039	249
-587	-1477	69
-536	-1750	22
-452	-1743	93
-420	-1713	-26
-440	-1704	-213
-488	-1644	-264
-438	-1654	-220
-354	-1576	-183
-198	-1439	-191
287	-972	-176
609	-711	-223
440	-805	-225
96	-1024	-233
-202	-1478	-165
-322	-1641	-116
-408	-1851	-71
-519	-1896	33
-580	-1788	-25
-726	-1809	89
-761	-1786	355
-769	-1622	518
-880	-1256	422
-993	-1028	401
-883	-1068	301
-630	-1222	112
-530	-1634	-5
-503	-1687	-15
-446	-1595	-2
-378	-1476	-93
-378	-1447	-194
-402	-1478	-241
-348	-1649	-217
-349	-1694	-186
-201	-1570	-176
369	-1040	-221
653	-658	-292
382	-803	-189
39	-1138	-184
-193	-1547	-159
-350	-1667	-84
-406	-1816	24
-488	-1745	-10
-570	-1733	-110
-855	-1703	160
-829	-1602	420
-771	-1419	547
-744	-1053	504
-798	-1059	507
-773	-1120	328
-698	-1471	133
-470	-1787	143
-304	-1856	109
-298	-1719	37
-382	-1611	-81
-421	-1549	-195
-483	-1608	-236
-403	-1680	-230
-155	-1601	-242
287	-1092	-318
592	-698	-384
501	-840	-334
200	-992	-330
-83	-1488	-236
-268	-1714	-159
-430	-1871	-74
-545	-1819	100
-534	-1650	-33
-619	-1623	85
-726	-1710	561
-677	-1666	734
-665	-1410	631
-704	-1045	565
-743	-1199	450
-682	-1225	244
-628	-1702	99
-512	-1829	67
-434	-1691	49
-408	-1533	-57
-429	-1427	-164
-438	-1376	-212
-341	-1399	-196
-295	-1419	-174
-161	-1321	-217
239	-847	-236
431	-720	-253
218	-914	-243
-20	-1194	-232
-241	-1651	-146
-404	-1673	-101
-467	-1703	13
-508	-1545	49
-519	-1432	-60
-674	-1651	88
-807	-1797	352
-838	-1589	549
-811	-1215	520
-836	-1134	533
-802	-1189	358
-674	-1432	144
-532	-1739	83
-404	-1751	93
-375	-1621	55
-379	-1489	-74
-395	-1429	-170
-410	-1418	-213
-333	-1487	-207
-272	-1455	-193
-69	-1234	-232
279	-815	-205
335	-749	-156
204	-838	-178
-76	-1103	-146
-300	-1465	-34
-346	-1559	-36
-360	-1694	-4
-412	-1689	-62
-547	-1780	-96
-859	-1932	170
-1016	-1756	404
-903	-1486	615
-710	-1143	592
-668	-1134	559
-711	-1075	400
-681	-1275	169
-577	-1703	75
-445	-1708	84
-369	-1658	58
-382	-1555	-91
-434	-1553	-203
-450	-1562	-229
-341	-1568	-190
-285	-1473	-155
-50	-1275	-174
404	-790	-198
553	-595	-206
269	-787	-186
-27	-1169	-190
-250	-1615	-144
-415	-1720	-118
-477	-1768	16
-594	-1605	-38
-631	-1659	-146
-770	-1902	120
-827	-1720	551
-813	-1504	790
-754	-1158	673
-707	-1185	593
-682	-1203	398
-563	-1403	179
-462	-1785	165
-382	-1756	171
-383	-1673	52
-444	-1541	-116
-487	-1476	-196
-411	-1448	-216
-260	-1433	-199
-218	-1407	-209
-23	-1187	-251
280	-803	-256
383	-704	-257
225	-798	-269
-131	-1233	-145
-292	-1591	-52
-393	-1791	-74
-479	-1927	53
-530	-1790	104
-594	-1583	165
-663	-1734	483
-685	-1678	666
-684	-1467	630
-709	-1062	520
-707	-1134	504
-708	-1156	350
-666	-1486	167
-544	-1759	109
-425	-1693	71
-390	-1609	12
-411	-1529	-90
-419	-1496	-159
-407	-1530	-180
-380	-1535	-148
-291	-1448	-144
28	-1149	-172
363	-802	-198
515	-730	-242
212	-902	-270
-134	-1376	-199
-285	-1610	-159
-450	-1722	-138
-545	-1815	1
-602	-1777	-106
-698	-1856	-129
-958	-1818	200
-938	-1641	628
-887	-1433	668
-729	-1064	566
-647	-1152	573
-676	-1132	378
-627	-1628	198
-500	-1957	125
-337	-1824	136
-294	-1626	53
-405	-1530	-95
-514	-1532	-188
-448	-1657	-207
-331	-1603	-196
-189	-1394	-255
315	-922	-288
563	-662	-319
265	-791	-306
81	-1090	-345
-229	-1500	-238
-420	-1579	-132
-609	-1725	-38
-662	-1670	-14
-568	-1775	-110
-758	-2005	157
-905	-1810	570
-847	-1511	753
-688	-1246	723
-548	-1120	719
-642	-1193	540
-726	-1407	253
-595	-1869	178
-357	-1852	184
-294	-1711	106
-379	-1562	-79
-474	-1489	-187
-447	-1441	-228
-315	-1468	-217
-261	-1429	-209
-179	-1231	-256
47	-931	-241
210	-828	-230
190	-743	-287
3	-836	-207
-287	-1224	-63
-425	-1469	-14
-495	-1692	30
-598	-1748	112
-517	-1728	-65
-731	-1884	200
-909	-1718	600
-748	-1524	664
-707	-1227	535
-783	-1169	484
-795	-1189	358
-647	-1437	169
-495	-1784	83
-372	-1731	81
-355	-1587	57
-421	-1458	-78
-433	-1377	-157
-380	-1333	-188
-276	-1319	-169
-231	-1214	-152
-118	-1057	-170
75	-764	-187
178	-764	-288
109	-929	-357
-192	-1115	-259
-359	-1507	-90
-427	-1683	-76
-490	-1772	-21
-487	-1679	52
-554	-1568	3
-728	-1630	206
-757	-1674	436
-709	-1553	515
-779	-1152	437
-963	-1154	408
-935	-1144	313
-738	-1434	182
-523	-1770	73
-314	-1800	15
-280	-1676	16
-350	-1573	-59
-392	-1529	-146
-379	-1480	-201
-294	-1457	-218
-255	-1354	-226
-122	-1162	-240
162	-830	-192
334	-695	-203
264	-874	-263
-48	-1262	-174
-251	-1533	-84
-385	-1601	-76
-419	-1734	45
-514	-1732	28
-712	-1872	228
-919	-1760	552
-675	-1595	709
-446	-1471	689
-563	-1207	558
-786	-1339	437
-756	-1271	211
-608	-1596	62
-501	-1579	16
-421	-1405	35
-407	-1282	-58
-416	-1254	-167
-413	-1321	-216
-370	-1476	-200
-351	-1575	-171
-243	-1475	-242
104	-1097	-199
406	-852	-235
262	-792	-305
-92	-968	-155
-309	-1227	-77
-308	-1312	-95
-411	-1438	-73
-574	-1481	52
-523	-1483	-70
-612	-1742	-81
-897	-1798	243
-860	-1612	524
-698	-1328	565
-723	-1097	569
-773	-1105	462
-683	-1276	199
-536	-1735	36
-314	-1745	77
-294	-1599	140
-362	-1495	4
-459	-1447	-153
-496	-1458	-222
-400	-1503	-206
-266	-1442	-202
-49	-1168	-224
248	-769	-191
423	-751	-243
183	-788	-286
-116	-1115	-204
-299	-1548	-64
-410	-1723	-44
-486	-1751	35
-465	-1607	2
-544	-1571	-84
-717	-1689	137
-714	-1574	300
-672	-1487	487
-751	-1189	399
-869	-1059	355
-909	-1199	282
-732	-1385	145
-521	-1691	117
-406	-1763	55
-385	-1604	-9
-416	-1461	-85
-356	-1401	-142
-325	-1375	-181
-277	-1399	-185
-292	-1364	-169
-208	-1249	-231
0	-1015	-229
309	-867	-273
274	-755	-358
-91	-994	-254
-214	-1452	-95
-400	-1590	-20
-421	-1580	64
-418	-1493	115
-380	-1428	-56
-531	-1679	75
-774	-1772	304
-862	-1593	337
-883	-1265	306
-892	-1126	407
-839	-1111	394
-720	-1346	196
-563	-1670	91
-378	-1677	75
-338	-1607	61
-389	-1494	-56
-415	-1432	-125
-366	-1368	-176
-311	-1382	-228
-288	-1430	-244
-201	-1302	-309
25	-1083	-278
447	-956	-332
358	-830	-416
-149	-1088	-126
-224	-1408	20
-398	-1546	-37
-399	-1621	4
-394	-1626	-27
-525	-1729	-123
-838	-1835	139
-871	-1686	353
-853	-1492	535
-798	-1144	505
-787	-1074	487
-766	-1076	377
-654	-1283	206
-589	-1720	116
-497	-1839	52
-422	-1743	14
-399	-1612	-80
-412	-1538	-170
-393	-1487	-219
-329	-1498	-238
-273	-1439	-220
-195	-1312	-252
90	-941	-215
209	-690	-146
140	-712	-141
-14	-754	-56
-259	-1178	28
-320	-1501	-12
-415	-1811	-45
-544	-1887	38
-553	-1733	-141
-814	-1603	-30
-815	-1628	150
-733	-1499	316
-922	-1346	337
-901	-1033	273
-903	-1226	288
-688	-1187	177
-545	-1480	132
-504	-1570	56
-461	-1580	3
-416	-1496	-48
-345	-1361	-144
-311	-1314	-189
-308	-1355	-199
-313	-1488	-205
-249	-1420	-248
32	-1121	-268
250	-771	-229
173	-753	-207
33	-863	-259
-265	-1191	-132
-442	-1485	49
-352	-1432	63
-334	-1258	32
-288	-1178	16
-332	-1245	5
-542	-1599	103
-780	-1630	193
-999	-1621	162
-1083	-1185	227
-908	-1219	422
-780	-1190	360
-713	-1319	151
-542	-1559	47
-368	-1616	23
-324	-1547	54
-338	-1403	-16
-342	-1343	-122
-353	-1313	-196
-339	-1418	-198
-297	-1436	-173
-218	-1164	-158
-120	-929	-118
-24	-942	-105
71	-729	-123
-60	-748	-49
-198	-1010	68
-230	-1132	51
-248	-1202	-0
-329	-1377	53
-445	-1583	19
-622	-1940	132
-1057	-1754	295
-946	-1606	333
-641	-1386	418
-701	-1219	481
-771	-1111	369
-733	-1208	177
-588	-1479	23
-387	-1445	-10
-326	-1347	58
-362	-1230	-8
-379	-1227	-130
-389	-1304	-193
-373	-1455	-185
-408	-1535	-206
-347	-1413	-246
228	-1013	-181
511	-713	-194
220	-886	-153
-50	-1214	-126
-201	-1405	-182
-305	-1329	-149
-407	-1329	-55
-561	-1293	-39
-599	-1253	-73
-658	-1437	115
-802	-1646	362
-834	-1581	422
-681	-1207	391
-672	-1127	490
-700	-1102	387
-673	-1226	151
-560	-1478	58
-409	-1496	31
-371	-1418	29
-388	-1271	-57
-396	-1212	-146
-374	-1237	-184
-322	-1298	-182
-301	-1376	-180
-260	-1231	-232
-97	-1030	-218
-24	-1051	-210
-10	-873	-249
-281	-989	-121
-298	-1081	-34
-363	-1112	10
-213	-1020	-16
-559	-1154	166
-440	-1180	-10
-358	-1619	-189
-1096	-1950	99
-1083	-1503	-79
-792	-1225	88
-627	-1210	374
-714	-1131	342
-701	-1184	143
-623	-1384	15
-433	-1377	-4
-282	-1362	31
-268	-1253	-6
-301	-1221	-83
-340	-1287	-137
-321	-1419	-169
-313	-1511	-182
-256	-1386	-284
-14	-1050	-285
196	-827	-232
162	-859	-257
2	-1084	-151
-129	-1273	-76
-299	-1234	-35
-356	-1199	-21
-406	-1240	-15
-444	-1424	-88
-693	-1711	138
-836	-1567	292
-777	-1508	335
-634	-1305	351
-608	-1129	363
-683	-1083	398
-727	-1273	196
-650	-1633	-15
-406	-1515	-54
-233	-1372	32
-273	-1262	-37
-361	-1229	-126
-416	-1322	-166
-373	-1404	-164
-321	-1442	-174
-223	-1362	-307
19	-1126	-320
262	-985	-382
137	-749	-367
-56	-1011	-167
-122	-1243	-114
-315	-1321	-65
-366	-1413	61
-375	-1497	125
-387	-1527	-31
-662	-1768	145
-794	-1695	351
-748	-1521	380
-734	-1212	357
-756	-1135	367
-703	-1030	325
-635	-1224	161
-585	-1633	-25
-429	-1585	-63
-303	-1425	-16
-316	-1305	-66
-380	-1290	-131
-425	-1406	-175
-422	-1548	-180
-379	-1643	-249
-232	-1544	-390
163	-1214	-351
488	-851	-378
255	-693	-377
31	-1049	-277
-195	-1229	-201
-373	-1371	-102
-465	-1509	23
-518	-1526	95
-507	-1612	52
-706	-1959	312
-713	-1777	576
-578	-1498	621
-568	-1103	565
-691	-1128	470
-760	-1116	282
-608	-1448	81
-403	-1672	9
-298	-1612	30
-319	-1453	-17
-337	-1335	-133
-374	-1338	-194
-378	-1447	-227
-290	-1558	-220
-246	-1492	-232
-139	-1280	-262
82	-1023	-203
287	-789	-247
178	-633	-225
-128	-1012	-54
-230	-1320	2
-348	-1509	-59
-416	-1596	5
-477	-1540	59
-687	-1586	242
-746	-1682	285
-582	-1541	309
-527	-1424	373
-691	-1118	341
-784	-1204	367
-733	-1131	299
-584	-1401	136
-420	-1511	4
-345	-1446	21
-353	-1341	15
-365	-1256	-68
-407	-1247	-139
-451	-1304	-177
-426	-1354	-196
-399	-1300	-211
-267	-1255	-261
-56	-1029	-207
205	-864	-205
156	-756	-220
-132	-1041	-31
-240	-1348	65
-311	-1472	16
-293	-1453	37
-382	-1425	16
-482	-1429	-49
-690	-1554	133
-758	-1500	205
-681	-1482	135
-712	-1253	141
-751	-1124	215
-764	-1086	219
-692	-1172	189
-582	-1354	35
-436	-1461	-79
-370	-1504	-50
-337	-1354	-43
-291	-1239	-105
-295	-1192	-152
-291	-1248	-171
-293	-1321	-161
-282	-1342	-187
-220	-1232	-261
-78	-1131	-244
44	-1012	-253
-14	-825	-223
-205	-1006	-62
-246	-1071	18
-280	-1114	-41
-340	-1156	-16
-402	-1299	-17
-460	-1471	-128
-644	-1665	9
-793	-1617	185
-774	-1549	153
-739	-1190	242
-739	-1190	303
-693	-1061	274
-600	-1249	140
-494	-1352	16
-380	-1377	15
-349	-1310	29
-305	-1201	-47
-311	-1167	-112
-327	-1241	-145
-321	-1432	-131
-333	-1604	-206
-250	-1493	-360
-43	-1367	-367
144	-1070	-396
71	-703	-289
-60	-976	-64
-125	-1147	-21
-278	-1169	-48
-286	-1133	56
-310	-1230	105
-349	-1360	24
-607	-1666	139
-773	-1687	244
-765	-1551	170
-673	-1208	280
-701	-1234	355
-715	-1090	240
-644	-1334	47
-504	-1398	-60
-371	-1362	-7
-342	-1272	6
-343	-1177	-78
-365	-1179	-143
-363	-1254	-166
-330	-1316	-153
-329	-1440	-179
-241	-1425	-292
-105	-1226	-319
42	-1051	-317
29	-786	-259
-166	-973	-29
-206	-1119	156
-159	-1027	21
-180	-1029	-18
-331	-1184	14
-452	-1404	-35
-713	-1719	24
-957	-1631	36
-878	-1409	-72
-595	-1279	45
-634	-1278	266
-721	-1156	224
-666	-1126	92
-574	-1276	0
-440	-1389	-28
-362	-1385	8
-304	-1243	-26
-284	-1140	-63
-301	-1121	-105
-293	-1203	-143
-273	-1317	-151
-273	-1423	-234
-235	-1257	-316
-167	-1172	-259
-130	-989	-277
-182	-808	-224
-278	-978	20
-310	-1000	65
-233	-932	-28
-197	-912	30
-296	-1063	76
-375	-1251	40
-541	-1573	91
-711	-1645	257
-728	-1532	210
-683	-1242	232
-658	-1312	359
-645	-1091	303
-594	-1152	94
-497	-1252	-18
-392	-1252	-12
-323	-1121	1
-298	-1031	-75
-318	-1060	-135
-343	-1176	-172
-323	-1326	-173
-319	-1484	-207
-277	-1625	-350
-162	-1480	-369
12	-1283	-265
123	-837	-219
-63	-641	-138
-360	-817	2
-357	-849	20
-283	-932	1
-339	-1131	103
-410	-1321	124
-495	-1455	156
-622	-1474	313
-613	-1531	268
-571	-1439	226
-593	-1229	385
-674	-1140	510
-647	-1174	277
-471	-1416	-10
-257	-1449	-72
-163	-1284	13
-263	-1152	21
-332	-1089	-53
-351	-1192	-160
-356	-1448	-216
-314	-1683	-264
-236	-1576	-364
-55	-1258	-291
71	-966	-215
81	-544	-180
-91	-625	15
-213	-881	88
-248	-1032	3
-327	-1160	27
-353	-1287	115
-386	-1348	123
-476	-1423	272
-590	-1459	545
-586	-1472	504
-593	-1419	317
-663	-1410	309
-629	-1335	303
-511	-1244	253
-503	-1247	95
-516	-1307	-79
-499	-1204	-156
-414	-1007	-166
-365	-980	-177
-432	-1176	-254
-465	-1527	-381
-377	-1795	-567
-356	-1668	-688
-149	-1751	-519
580	-1032	-615
652	-416	-254
214	-895	254
117	-1046	121
-43	-1238	152
-118	-1225	348
-118	-1174	543
-161	-1136	647
-222	-1203	748
-258	-1075	718
-251	-1115	568
-434	-1430	383
-932	-1261	220
-1285	-1348	201
-758	-1304	104
-458	-1369	-6
-544	-1601	42
-551	-1594	-26
-413	-1348	-54
-375	-1223	-56
-489	-1220	-103
-525	-1284	-156
-436	-1290	-154
-281	-1289	-224
-309	-1225	-303
-206	-1135	-306
-61	-978	-293
69	-628	-292
94	-572	52
-101	-867	348
-81	-1052	261
-94	-1280	116
-193	-1596	195
-370	-1868	383
-611	-1841	551
-826	-1369	899
-527	-1136	948
-101	-1275	739
-188	-1302	635
-456	-1575	439
-596	-1527	287
-565	-1722	216
-555	-1826	58
-483	-1539	-136
-387	-1268	-214
-391	-1267	-240
-355	-1228	-290
-289	-1225	-287
-272	-1249	-273
-260	-1307	-345
-186	-1259	-387
-75	-1295	-296
149	-980	-254
216	-509	-101
-123	-747	228
-204	-969	276
-115	-1171	126
-288	-1559	218
-353	-1947	571
-656	-2015	630
-647	-1716	790
-273	-1298	1094
-71	-1313	862
-249	-1138	615
-602	-1453	465
-814	-1558	202
-694	-1805	92
-529	-1930	23
-413	-1627	-99
-329	-1352	-117
-383	-1284	-127
-408	-1328	-179
-331	-1453	-184
-233	-1529	-150
-108	-1372	-189
221	-915	-191
297	-650	-182
202	-568	-135
82	-636	-144
-260	-1168	-75
-422	-1703	-14
-613	-2193	135
-796	-1960	297
-502	-1467	-77
-510	-1629	136
-450	-1673	700
-540	-1403	961
-695	-1046	824
-871	-1289	639
-788	-1614	276
-396	-1761	57
-213	-1995	141
-408	-1785	156
-483	-1502	-24
-460	-1395	-143
-510	-1351	-234
-409	-1434	-256
-240	-1433	-237
-127	-1258	-244
-37	-1004	-251
38	-872	-246
93	-801	-238
46	-606	-335
-161	-892	-203
-384	-1243	-78
-316	-1532	-7
-549	-1782	28
-299	-1848	347
-834	-1813	-155
-953	-1893	233
-588	-1438	979
-497	-1367	861
-375	-1154	775
-631	-1342	622
-652	-1351	408
-488	-1526	313
-365	-1850	357
-397	-1846	202
-417	-1641	-13
-402	-1455	-108
-396	-1368	-148
-324	-1320	-175
-234	-1278	-159
-184	-1310	-200
-50	-1104	-228
213	-786	-214
260	-744	-221
78	-722	-236
-185	-971	-189
-441	-1418	-53
-556	-1827	-6
-646	-1970	62
-628	-1775	-23
-680	-1634	-63
-657	-1603	109
-597	-1458	637
-747	-1365	897
-782	-1052	638
-854	-1295	551
-740	-1439	306
-473	-1739	112
-321	-1949	202
-406	-1951	180
-426	-1707	-33
-404	-1491	-134
-391	-1357	-191
-299	-1334	-237
-207	-1294	-239
-141	-1225	-319
95	-874	-343
349	-743	-346
210	-819	-361
-96	-907	-300
-396	-1386	-60
-448	-1736	150
-587	-1973	154
-619	-1857	224
-259	-1712	4
-322	-1854	147
-586	-1741	562
-756	-1521	608
-954	-1172	459
-967	-841	384
-935	-1159	379
-769	-1360	194
-578	-1926	29
-355	-1977	42
-355	-1916	37
-472	-1783	-87
-468	-1666	-186
-433	-1535	-198
-340	-1486	-166
-230	-1406	-147
-83	-1296	-124
199	-794	-94
216	-660	-91
214	-684	-105
17	-670	-101
-329	-1162	17
-364	-1616	58
-449	-2008	-39
-507	-2014	-118
-653	-1764	-187
-876	-1494	-129
-583	-1619	-29
-711	-1603	221
-1029	-1347	293
-971	-1001	300
-965	-1184	411
-690	-1185	306
-506	-1490	168
-458	-1614	93
-422	-1606	79
-393	-1496	69
-345	-1415	-15
-348	-1448	-128
-377	-1520	-162
-325	-1621	-147
-279	-1677	-112
-95	-1433	-180
112	-1007	-207
85	-693	-138
-12	-447	-140
-155	-559	-67
-206	-800	-39
-289	-1150	-68
-460	-1557	-30
-600	-1776	41
-634	-1715	-175
-713	-1935	-198
-965	-1683	256
-963	-1414	508
-938	-1168	473
-828	-1060	537
-736	-1241	413
-639	-1421	236
-503	-1717	188
-342	-1753	182
-323	-1616	132
-368	-1444	0
-390	-1396	-105
-384	-1423	-176
-314	-1483	-185
-223	-1381	-187
-109	-1157	-258
59	-858	-221
109	-809	-199
91	-725	-278
-54	-833	-217
-302	-1307	-45
-433	-1581	-41
-482	-1738	-48
-528	-1731	25
-598	-1699	-12
-823	-1787	167
-810	-1723	459
-780	-1493	667
-844	-1175	545
-796	-1074	523
-788	-1169	398
-704	-1407	169
-580	-1833	95
-399	-1876	70
-350	-1792	24
-384	-1623	-77
-401	-1525	-148
-404	-1488	-204
-303	-1489	-191
-262	-1406	-155
-122	-1230	-180
185	-849	-187
317	-668	-212
276	-626	-191
8	-810	-119
-227	-1363	-46
-396	-1721	-50
-469	-2007	-12
-551	-2004	3
-632	-1903	-165
-882	-1809	102
-725	-1716	439
-720	-1479	619
-781	-1251	544
-770	-1011	509
-827	-1140	455
-690	-1216	251
-582	-1610	137
-491	-1780	102
-434	-1782	57
-374	-1626	-47
-393	-1538	-151
-435	-1528	-202
-381	-1580	-217
-285	-1434	-205
-251	-1234	-192
-140	-978	-190
-62	-822	-157
-8	-760	-149
-70	-626	-114
-253	-821	6
-273	-1016	20
-315	-1206	-23
-327	-1401	29
-400	-1637	18
-501	-1893	-163
-935	-2195	15
-1189	-1661	67
-844	-1478	352
-740	-1210	548
-684	-1066	606
-663	-1086	440
-692	-1203	160
-591	-1547	76
-377	-1619	96
-265	-1631	116
-278	-1480	1
-344	-1455	-135
-413	-1510	-192
-373	-1530	-203
-278	-1520	-196
-57	-1298	-269
369	-967	-277
729	-888	-475
212	-867	-360
-382	-1210	41
-143	-1573	-38
-284	-1836	-235
-626	-2071	-9
-541	-1739	-3
-631	-1539	-218
-734	-1606	91
-631	-1520	272
-892	-1374	381
-981	-1111	366
-1078	-1098	472
-869	-1282	360
-497	-1480	225
-177	-1776	188
-161	-1793	131
-366	-1747	26
-453	-1607	-93
-414	-1521	-187
-352	-1464	-259
-291	-1424	-275
-256	-1315	-275
-208	-1119	-301
-74	-1064	-275
304	-1020	-321
270	-632	-324
-184	-866	-68
-135	-1183	33
-167	-1432	-103
-290	-1708	-75
-428	-1896	38
-490	-1929	-78
-796	-1923	29
-970	-1668	178
-867	-1580	501
-762	-1371	600
-595	-1045	557
-576	-1051	559
-635	-1048	290
-713	-1584	107
-563	-1881	45
-294	-1810	58
-188	-1562	12
-294	-1464	-129
-378	-1474	-217
-400	-1555	-236
-329	-1557	-203
-273	-1382	-170
-110	-1110	-166
46	-973	-144
112	-834	-173
86	-675	-197
-73	-829	-96
-207	-956	-40
-303	-1180	-93
-398	-1441	-127
-561	-1809	-150
-699	-2097	-190
-1082	-2117	49
-1321	-1579	130
-836	-1547	413
-684	-1251	575
-797	-1162	613
-859	-1105	385
-914	-1550	93
-581	-1842	-9
-163	-1800	68
-104	-1577	77
-249	-1455	-63
-418	-1443	-172
-433	-1531	-216
-353	-1578	-198
-248	-1457	-210
-108	-1136	-253
154	-902	-236
172	-744	-246
12	-574	-240
-196	-731	-143
-270	-971	-78
-313	-1199	-107
-451	-1539	-15
-643	-1810	76
-638	-1910	-163
-891	-2012	-103
-910	-1732	146
-711	-1556	698
-777	-1264	859
-810	-1111	726
-798	-1179	448
-739	-1429	179
-508	-1752	95
-248	-1902	184
-236	-1714	129
-230	-1521	-91
-387	-1417	-230
-534	-1445	-262
-499	-1573	-276
-335	-1440	-255
-204	-1167	-287
66	-883	-251
240	-670	-223
211	-457	-263
6	-724	-188
-200	-1224	-1
-339	-1529	14
-431	-1765	16
-534	-1867	56
-549	-1858	-147
-763	-2014	-43
-1083	-1803	389
-1145	-1450	493
-1195	-1275	395
-967	-1073	480
-653	-1181	437
-527	-1116	291
-616	-1543	196
-628	-1846	104
-493	-1875	26
-338	-1710	-34
-364	-1591	-120
-402	-1479	-186
-362	-1390	-207
-280	-1304	-201
-235	-1154	-209
-113	-979	-209
124	-757	-147
206	-690	-182
107	-689	-158
-147	-1014	-28
-259	-1363	15
-320	-1548	-83
-394	-1703	-56
-634	-1891	-40
-1161	-1864	169
-901	-1683	435
-659	-1556	717
-663	-1241	752
-635	-1170	688
-588	-1121	458
-543	-1399	235
-534	-1757	165
-444	-1749	177
-372	-1655	59
-345	-1479	-92
-386	-1383	-162
-351	-1360	-198
-262	-1436	-175
-268	-1456	-193
-189	-1229	-247
98	-851	-215
165	-735	-248
62	-583	-201
-118	-766	-85
-257	-1088	-26
-332	-1250	-59
-365	-1398	-20
-492	-1568	51
-544	-1629	32
-670	-1902	154
-775	-1850	328
-783	-1636	562
-709	-1354	723
-664	-1216	637
-643	-1183	382
-606	-1216	198
-542	-1454	138
-425	-1443	140
-376	-1397	113
-345	-1284	-15
-345	-1285	-133
-350	-1310	-180
-296	-1404	-181
-272	-1376	-153
-217	-1325	-215
25	-1026	-201
364	-877	-230
349	-766	-325
-105	-1012	-295
-189	-1485	-154
-262	-1474	-79
-355	-1408	-52
-407	-1362	20
-462	-1419	-22
-584	-1568	44
-796	-1665	228
-932	-1624	417
-899	-1438	561
-702	-1143	624
-631	-1208	505
-556	-1180	281
-481	-1561	150
-389	-1718	121
-350	-1696	105
-348	-1505	-20
-351	-1338	-125
-385	-1271	-182
-366	-1352	-206
-304	-1451	-216
-265	-1387	-242
-95	-1122	-259
266	-893	-209
458	-669	-299
121	-855	-291
-99	-1303	-141
-266	-1522	-81
-416	-1620	-101
-469	-1695	21
-520	-1679	-21
-628	-1721	26
-829	-1750	332
-845	-1721	618
-781	-1463	671
-746	-1103	631
-741	-1198	514
-628	-1149	298
-587	-1540	172
-521	-1728	64
-435	-1673	-12
-385	-1561	-94
-347	-1469	-180
-369	-1385	-188
-348	-1441	-183
-333	-1417	-187
-280	-1323	-238
-191	-1160	-276
280	-936	-234
643	-581	-264
135	-900	-62
-151	-1381	-3
-210	-1552	-189
-354	-1769	-125
-544	-1800	65
-597	-1663	-85
-715	-1689	-157
-760	-1701	24
-723	-1573	440
-813	-1501	613
-861	-1130	454
-827	-1040	488
-675	-1033	286
-605	-1468	121
-417	-1720	98
-285	-1769	114
-271	-1676	23
-304	-1507	-109
-382	-1398	-177
-384	-1405	-201
-340	-1451	-208
-285	-1406	-247
-158	-1181	-322
223	-902	-274
309	-743	-297
112	-835	-244
-40	-1152	-115
-272	-1348	-61
-320	-1469	-83
-437	-1659	11
-582	-1672	-2
-661	-1738	-64
-922	-1926	134
-1018	-1725	340
-925	-1475	464
-806	-1170	502
-756	-1231	402
-683	-1102	245
-571	-1376	125
-465	-1502	59
-395	-1544	86
-348	-1453	5
-351	-1382	-121
-381	-1354	-145
-348	-1380	-176
-319	-1421	-160
-290	-1450	-248
-134	-1239	-285
445	-991	-369
549	-731	-452
17	-976	-230
-69	-1372	-169
-240	-1479	-209
-413	-1613	-72
-541	-1583	106
-534	-1482	21
-599	-1687	97
-687	-1833	229
-734	-1662	345
-804	-1332	408
-806	-1016	475
-830	-1012	458
-777	-1086	237
-724	-1547	55
-468	-1648	-27
-249	-1537	30
-249	-1413	21
-395	-1414	-106
-462	-1464	-207
-466	-1602	-243
-397	-1723	-312
-273	-1580	-372
493	-1089	-408
818	-788	-561
340	-809	-415
26	-1295	-285
-127	-1609	-264
-300	-1610	-168
-521	-1728	64
-516	-1598	101
-532	-1641	22
-738	-1759	349
-763	-1674	675
-702	-1519	779
-677	-1178	634
-658	-1127	533
-639	-1105	362
-595	-1382	147
-583	-1893	53
-469	-1836	3
-372	-1699	-29
-407	-1553	-136
-482	-1519	-216
-431	-1491	-241
-316	-1433	-199
-244	-1415	-179
-15	-1281	-237
415	-775	-293
532	-616	-292
179	-793	-222
-62	-1214	-211
-270	-1666	-194
-461	-1927	-138
-573	-2031	50
-601	-1816	-33
-669	-1789	-70
-700	-1862	189
-686	-1745	581
-776	-1511	750
-862	-1093	658
-851	-1143	563
-619	-1065	335
-472	-1422	128
-408	-1734	118
-396	-1733	184
-418	-1686	57
-438	-1613	-145
-523	-1541	-228
-429	-1532	-240
-319	-1457	-199
-287	-1408	-245
-50	-1175	-273
370	-812	-276
563	-613	-352
108	-880	-280
-89	-1352	-194
-250	-1647	-149
-403	-1811	-99
-450	-1914	23
-564	-1873	-23
-753	-1778	169
-772	-1720	407
-689	-1630	671
-675	-1364	677
-799	-1106	583
-810	-1155	391
-619	-1208	219
-521	-1619	114
-490	-1730	92
-501	-1722	82
-473	-1609	-43
-494	-1544	-151
-458	-1469	-202
-315	-1418	-175
-286	-1350	-163
-191	-1243	-192
59	-874	-194
259	-756	-240
228	-814	-285
-43	-1039	-254
-246	-1426	-145
-346	-1511	-81
-416	-1562	-57
-449	-1644	-9
-493	-1691	-118
-724	-1854	-79
-884	-1735	44
-809	-1584	296
-880	-1417	368
-905	-1079	392
-888	-1101	379
-732	-1097	207
-585	-1527	98
-399	-1674	85
-332	-1709	121
-350	-1568	16
-387	-1495	-123
-405	-1419	-199
-344	-1417	-229
-259	-1375	-218
-246	-1246	-261
-81	-1020	-270
258	-894	-262
339	-860	-355
-67	-1008	-232
-210	-1322	-20
-260	-1399	-61
-386	-1419	-97
-379	-1438	-103
-234	-1591	52
-608	-1716	45
-1028	-1786	310
-840	-1624	268
-876	-1425	280
-756	-1132	395
-712	-1137	428
-699	-1036	266
-669	-1341	74
-590	-1507	-18
-490	-1595	-22
-402	-1529	-34
-383	-1470	-126
-388	-1405	-186
-380	-1380	-195
-324	-1371	-170
-305	-1349	-180
-151	-1238	-201
201	-913	-197
328	-829	-270
76	-898	-232
-177	-1159	-90
-194	-1362	-16
-307	-1434	-94
-401	-1512	23
-479	-1499	56
-522	-1544	-68
-752	-1666	76
-750	-1503	221
-697	-1446	466
-799	-1267	432
-808	-1072	394
-754	-1249	260
-612	-1253	167
-516	-1556	157
-460	-1637	138
-396	-1655	41
-329	-1447	-71
-286	-1323	-99
-303	-1241	-102
-259	-1197	-150
-246	-1165	-180
-246	-1272	-243
-189	-1176	-304
164	-939	-327
226	-822	-302
-115	-876	-168
-314	-1148	-28
-253	-1318	-46
-303	-1471	-89
-408	-1611	7
-471	-1630	-22
-591	-1763	104
-825	-1725	307
-935	-1623	420
-933	-1381	517
-748	-1082	528
-610	-1139	443
-601	-1050	224
-649	-1479	80
-606	-1711	32
-492	-1712	43
-373	-1568	-17
-359	-1444	-126
-379	-1421	-195
-338	-1503	-203
-250	-1449	-174
-181	-1392	-210
33	-1096	-249
295	-849	-258
385	-842	-341
95	-917	-338
-91	-1263	-210
-264	-1499	-67
-411	-1600	-42
-431	-1654	43
-496	-1678	-19
-579	-1798	-81
-801	-1796	151
-829	-1572	479
-823	-1419	605
-772	-1215	512
-705	-1180	517
-626	-1073	395
-562	-1346	234
-490	-1649	149
-423	-1741	80
-381	-1688	14
-372	-1527	-92
-400	-1446	-173
-412	-1450	-210
-326	-1398	-193
-283	-1208	-174
-218	-1047	-191
-91	-866	-181
-45	-859	-168
35	-771	-198
-150	-801	-114
-286	-988	13
-282	-1111	16
-307	-1285	-13
-362	-1628	-2
-542	-2005	-105
-797	-2302	-20
-1303	-1764	117
-880	-1554	402
-758	-1273	575
-780	-1194	602
-712	-1236	364
-618	-1174	181
-455	-1427	129
-305	-1475	165
-334	-1505	147
-372	-1483	-3
-390	-1502	-142
-363	-1462	-200
-302	-1473	-200
-236	-1345	-165
-228	-1199	-185
-9	-897	-141
149	-824	-152
164	-793	-241
-36	-959	-179
-245	-1287	-32
-303	-1323	-4
-326	-1331	-27
-363	-1417	6
-433	-1634	-106
-600	-1924	-70
-925	-1812	217
-1037	-1564	428
-906	-1329	526
-642	-1098	626
-552	-1189	531
-626	-1158	229
-620	-1542	95
-444	-1664	114
-308	-1664	131
-289	-1524	12
-325	-1468	-137
-400	-1487	-211
-355	-1532	-208
-272	-1464	-156
-239	-1385	-202
-47	-1138	-238
277	-809	-231
266	-604	-259
61	-638	-206
-129	-990	-128
-336	-1333	-65
-446	-1595	-48
-511	-1767	60
-538	-1727	1
-611	-1764	-12
-744	-1705	286
-657	-1570	621
-733	-1446	744
-761	-1149	536
-663	-1142	462
-601	-1110	311
-560	-1332	151
-587	-1691	97
-509	-1605	62
-422	-1618	-12
-407	-1516	-127
-397	-1475	-180
-365	-1440	-170
-291	-1381	-135
-248	-1221	-145
-115	-1088	-183
182	-784	-190
233	-797	-232
85	-799	-259
-144	-1017	-184
-314	-1328	-15
-385	-1472	-49
-424	-1545	-67
-485	-1627	38
-554	-1698	28
-713	-1780	188
-849	-1625	474
-727	-1503	636
-564	-1261	541
-557	-1055	450
-651	-1130	337
-704	-1163	162
-713	-1621	84
-557	-1600	82
-426	-1633	46
-400	-1540	-39
-440	-1491	-122
-412	-1408	-141
-299	-1372	-113
-232	-1273	-106
-99	-1189	-128
144	-771	-189
310	-713	-256
156	-820	-264
-106	-1038	-254
-232	-1502	-164
-397	-1727	-107
-495	-1795	-34
-531	-1690	20
-585	-1525	-7
-667	-1542	146
-684	-1608	439
-730	-1532	617
-784	-1273	524
-816	-1036	460
-739	-1212	363
-598	-1211	182
-567	-1664	65
-515	-1691	44
-467	-1671	16
-426	-1556	-86
-433	-1462	-175
-425	-1357	-199
-320	-1284	-204
-277	-1243	-202
-222	-1277	-194
78	-1001	-179
456	-785	-220
380	-800	-201
-17	-1062	-127
-216	-1495	-90
-306	-1711	-133
-413	-1799	-123
-529	-1792	-51
-591	-1649	-144
-726	-1680	-71
-824	-1679	275
-875	-1552	627
-823	-1296	669
-695	-1076	612
-570	-1236	406
-399	-1125	192
-404	-1493	153
-567	-1688	191
-601	-1711	81
-496	-1634	-94
-533	-1491	-248
-465	-1364	-277
-332	-1272	-245
-272	-1191	-197
-226	-1213	-168
1	-1020	-220
177	-796	-276
181	-809	-300
-35	-915	-272
-241	-1227	-189
-337	-1469	-93
-426	-1524	-94
-468	-1548	-37
-516	-1575	-54
-583	-1682	-102
-758	-1720	129
-850	-1597	418
-851	-1498	475
-780	-1207	420
-711	-1181	461
-617	-1068	360
-545	-1278	239
-484	-1472	160
-407	-1645	112
-349	-1647	49
-335	-1527	-48
-341	-1424	-126
-346	-1396	-182
-298	-1411	-196
-262	-1345	-212
-89	-1109	-238
99	-838	-201
190	-842	-262
200	-764	-291
-80	-1077	-197
-294	-1389	-28
-329	-1415	-30
-340	-1461	15
-371	-1540	81
-440	-1711	19
-642	-1930	201
-914	-1799	623
-939	-1518	699
-780	-1211	628
-542	-1163	571
-503	-1121	328
-529	-1317	142
-557	-1658	117
-526	-1626	127
-464	-1627	39
-416	-1522	-147
-454	-1441	-222
-390	-1388	-224
-276	-1337	-171
-222	-1251	-183
-58	-1113	-129
187	-833	-109
347	-864	-262
136	-898	-295
-230	-1237	-79
-257	-1465	47
-241	-1519	-54
-303	-1670	-53
-439	-1728	-111
-651	-1793	-94
-930	-1653	127
-786	-1484	240
-785	-1409	369
-805	-1122	304
-798	-1053	341
-799	-1142	240
-722	-1344	77
-667	-1622	54
-545	-1660	37
-455	-1684	-32
-434	-1574	-107
-421	-1510	-138
-392	-1444	-167
-352	-1402	-169
-338	-1337	-171
-225	-1292	-219
27	-985	-190
187	-891	-252
161	-727	-271
-26	-840	-176
-181	-1059	-106
-358	-1217	-134
-514	-1420	-102
-712	-1561	-9
-673	-1533	-152
-728	-1800	-40
-988	-1831	359
-1051	-1612	490
-1011	-1367	540
-849	-1198	613
-621	-1239	427
-462	-1119	273
-472	-1365	196
-518	-1515	192
-464	-1558	113
-363	-1409	-46
-351	-1351	-143
-376	-1297	-184
-334	-1314	-189
-288	-1289	-173
-279	-1240	-195
-125	-1030	-201
142	-852	-188
219	-655	-224
19	-800	-153
-191	-1217	-41
-315	-1426	-23
-360	-1437	-8
-379	-1486	55
-409	-1530	6
-523	-1821	71
-843	-1928	405
-918	-1686	609
-892	-1298	635
-672	-1106	605
-600	-1269	395
-571	-1163	155
-517	-1468	116
-509	-1604	142
-492	-1676	68
-427	-1565	-104
-396	-1509	-191
-363	-1432	-210
-296	-1401	-194
-275	-1304	-174
-153	-1203	-137
138	-874	-142
245	-656	-147
230	-760	-114
-8	-916	-51
-279	-1303	56
-283	-1526	6
-299	-1560	-74
-359	-1648	-66
-488	-1668	-149
-691	-1698	-80
-906	-1572	142
-953	-1451	367
-929	-1326	500
-771	-1174	486
-666	-1215	472
-550	-1113	301
-525	-1335	153
-567	-1630	112
-568	-1703	81
-492	-1650	-4
-408	-1529	-126
-460	-1460	-186
-401	-1386	-195
-270	-1293	-166
-204	-1135	-143
-111	-1026	-144
-23	-779	-154
24	-791	-133
39	-758	-152
-99	-874	-87
-257	-1248	1
-359	-1542	-23
-392	-1672	24
-468	-1700	92
-545	-1523	68
-849	-1691	340
-1016	-1658	448
-708	-1408	518
-593	-1268	505
-766	-1191	323
-778	-1301	130
-558	-1156	108
-560	-1413	131
-632	-1503	48
-593	-1540	-53
-460	-1422	-149
-359	-1340	-157
-301	-1190	-118
-264	-1110	-111
-267	-1102	-128
-259	-1169	-137
-30	-1035	-177
67	-1033	-193
69	-991	-207
-79	-995	-141
-272	-1162	32
-284	-1192	-11
-327	-1212	-142
-428	-1402	-194
-660	-1556	-206
-956	-1619	42
-1152	-1416	354
-1108	-1205	382
-913	-1169	427
-650	-1144	487
-695	-1176	521
-707	-1073	319
-606	-1620	228
-398	-1730	212
-332	-1611	187
-403	-1414	127
-459	-1382	14
-395	-1317	-48
-275	-1233	-61
-228	-1107	-53
-203	-998	-86
-43	-788	-107
61	-637	-160
-1	-716	-202
-184	-824	-124
-312	-1152	5
-323	-1536	-6
-424	-1609	-67
-417	-1520	55
-449	-1362	21
-482	-1427	26
-578	-1599	181
-666	-1629	326
-831	-1503	455
-863	-1179	432
-792	-1082	499
-619	-1124	344
-529	-1270	175
-496	-1460	122
-465	-1492	100
-394	-1464	66
-364	-1386	-36
-382	-1377	-133
-379	-1373	-192
-311	-1345	-210
-289	-1279	-257
-188	-1178	-274
2	-952	-206
138	-1039	-249
135	-1002	-202
-38	-1133	-34
-197	-1203	46
-181	-1109	39
-172	-1198	95
-197	-1380	154
-728	-1655	-39
-761	-1813	37
-954	-1736	287
-937	-1447	318
-855	-1197	419
-701	-1206	506
-564	-1029	328
-618	-1298	135
-576	-1355	61
-454	-1376	119
-377	-1256	108
-364	-1242	-20
-414	-1243	-136
-409	-1360	-180
-411	-1485	-160
-344	-1531	-217
-231	-1234	-289
35	-1151	-240
271	-808	-295
123	-733	-204
-39	-1136	-57
-186	-1210	-55
-297	-1197	-21
-364	-1238	89
-380	-1287	35
-421	-1541	-65
-725	-1746	277
-953	-1600	506
-887	-1355	473
-595	-1175	543
-476	-1328	448
-529	-1169	212
-581	-1441	114
-568	-1448	113
-453	-1427	25
-388	-1274	-75
-376	-1240	-89
-359	-1230	-127
-303	-1317	-166
-301	-1417	-166
-129	-1381	-221
173	-876	-316
311	-904	-434
164	-983	-336
-158	-1185	-157
-230	-1452	-83
-332	-1408	-141
-423	-1401	-46
-476	-1354	32
-476	-1372	-63
-653	-1618	32
-836	-1700	251
-988	-1449	537
-964	-1169	601
-795	-1121	589
-601	-1213	321
-531	-1331	126
-498	-1789	113
-457	-1886	90
-381	-1693	-48
-278	-1463	-127
-401	-1328	-148
-433	-1318	-171
-254	-1271	-186
-134	-1182	-182
-48	-1019	-174
18	-699	-138
16	-711	-149
-3	-715	-171
-210	-937	-88
-336	-1325	6
-417	-1519	-28
-435	-1586	22
-433	-1585	19
-435	-1775	-110
-596	-1926	103
-762	-1635	443
-749	-1304	584
-745	-1189	595
-604	-1108	642
-481	-1097	567
-470	-1162	408
-554	-1613	274
-556	-1801	71
-414	-1695	-64
-297	-1497	-86
-294	-1505	-113
-316	-1494	-194
-297	-1408	-207
-227	-1240	-179
-101	-1165	-172
114	-808	-187
173	-758	-228
170	-787	-213
-65	-1036	-174
-296	-1386	-56
-324	-1473	-60
-375	-1552	-13
-422	-1599	80
-452	-1624	38
-572	-1837	88
-792	-1781	426
-803	-1425	576
-726	-1185	643
-640	-1038	694
-672	-1114	567
-614	-1176	328
-539	-1602	223
-439	-1754	81
-381	-1727	-33
-340	-1574	-103
-325	-1508	-157
-323	-1461	-182
-312	-1492	-182
-322	-1416	-205
-186	-1302	-228
207	-883	-216
515	-767	-293
355	-809	-321
-180	-1177	-224
-256	-1327	-124
-256	-1376	-100
-409	-1562	-95
-541	-1689	-38
-618	-1858	-57
-855	-1989	207
-961	-1721	682
-705	-1484	964
-354	-1220	781
-366	-1221	615
-469	-1168	413
-514	-1146	224
-559	-1599	180
-567	-1662	110
-501	-1630	-14
-434	-1486	-114
-492	-1493	-205
-422	-1486	-216
-271	-1389	-169
-50	-1242	-140
104	-1092	-241
356	-813	-325
388	-857	-321
40	-1009	-288
-145	-1274	-224
-306	-1555	-95
-426	-1639	-28
-473	-1645	68
-435	-1612	125
-513	-1598	84
-712	-1767	439
-765	-1636	661
-686	-1347	676
-621	-1081	551
-658	-1197	446
-622	-1141	246
-565	-1416	121
-569	-1692	68
-515	-1614	12
-412	-1509	-58
-423	-1427	-148
-440	-1408	-197
-380	-1407	-205
-301	-1371	-167
-268	-1341	-157
-47	-1176	-184
190	-852	-186
241	-809	-201
136	-825	-181
-119	-1102	-107
-306	-1354	5
-308	-1421	13
-327	-1471	70
-412	-1499	32
-481	-1777	1
-928	-2046	294
-1073	-1592	445
-748	-1338	599
-707	-1154	486
-837	-1324	299
-713	-1148	210
-534	-1376	132
-436	-1505	113
-437	-1497	66
-418	-1443	-29
-382	-1387	-139
-364	-1339	-180
-308	-1308	-177
-258	-1283	-154
-253	-1259	-159
-27	-1064	-172
255	-753	-169
324	-771	-205
44	-1004	-151
-215	-1414	-79
-266	-1550	-59
-349	-1459	-77
-413	-1404	-5
-455	-1403	-57
-522	-1589	-107
-786	-1662	185
-1010	-1555	557
-944	-1356	616
-680	-1180	628
-503	-1398	449
-451	-1209	221
-421	-1494	154
-506	-1564	205
-504	-1509	145
-396	-1455	-45
-410	-1350	-177
-404	-1331	-217
-322	-1302	-201
-266	-1249	-174
-275	-1213	-179
-180	-1097	-194
47	-842	-182
188	-715	-203
86	-719	-172
-120	-1093	-97
-265	-1376	-32
-330	-1373	-39
-374	-1370	43
-420	-1415	82
-445	-1595	0
-635	-1871	166
-871	-1761	473
-852	-1465	521
-697	-1235	520
-640	-1280	452
-619	-1164	301
-535	-1210	191
-501	-1441	147
-480	-1485	125
-449	-1527	39
-393	-1423	-53
-395	-1356	-109
-364	-1300	-137
-282	-1265	-146
-273	-1289	-138
-197	-1297	-231
19	-983	-260
231	-849	-265
140	-849	-225
-48	-1018	-114
-145	-1263	-88
-291	-1375	-109
-396	-1483	-30
-468	-1559	75
-491	-1599	-47
-688	-1802	23
-870	-1666	236
-721	-1453	398
-673	-1250	435
-729	-1099	398
-739	-1219	330
-630	-1198	218
-548	-1565	143
-431	-1640	147
-326	-1720	98
-288	-1557	-19
-291	-1432	-77
-293	-1323	-87
-272	-1306	-127
-250	-1212	-159
-217	-1184	-233
-161	-971	-290
-105	-945	-287
-18	-894	-321
-87	-824	-298
-207	-1009	-124
-323	-1100	-5
-359	-1124	-9
-375	-1218	72
-386	-1365	78
-362	-1646	-48
-643	-1995	126
-1000	-1848	537
-947	-1495	570
-668	-1308	649
-529	-1273	603
-501	-1092	356
-539	-1355	181
-509	-1491	163
-420	-1522	182
-373	-1417	76
-375	-1336	-71
-439	-1300	-141
-383	-1336	-180
-319	-1381	-160
-277	-1392	-209
-128	-1165	-289
247	-943	-274
423	-738	-322
63	-829	-243
-65	-1244	-129
-234	-1434	-79
-382	-1416	-33
-386	-1407	112
-391	-1373	107
-451	-1643	131
-715	-1917	421
-826	-1631	650
-736	-1347	696
-688	-1197	574
-721	-1319	387
-660	-1132	208
-592	-1442	165
-568	-1565	136
-544	-1621	26
-460	-1551	-87
-419	-1485	-127
-376	-1419	-144
-290	-1347	-163
-231	-1297	-165
-179	-1168	-158
-3	-1019	-167
138	-741	-173
249	-722	-223
78	-696	-252
-243	-1046	-95
-391	-1614	64
-491	-1853	6
-468	-1773	49
-419	-1499	-59
-445	-1502	-107
-547	-1655	217
-636	-1471	534
-740	-1369	620
-812	-1196	480
-742	-1088	491
-582	-1200	447
-471	-1338	261
-453	-1734	161
-422	-1750	104
-376	-1714	24
-350	-1513	-70
-376	-1431	-143
-374	-1364	-183
-285	-1333	-188
-231	-1228	-192
-164	-1134	-226
51	-885	-237
225	-682	-202
181	-754	-204
13	-939	-162
-257	-1283	-30
-322	-1523	32
-405	-1615	-63
-440	-1712	-25
-495	-1690	-90
-779	-1726	113
-961	-1586	577
-731	-1442	806
-587	-1198	749
-621	-1110	503
-707	-1333	363
-670	-1310	177
-537	-1637	165
-489	-1700	149
-494	-1641	-4
-453	-1519	-149
-428	-1377	-201
-349	-1368	-186
-264	-1374	-162
-223	-1305	-143
-208	-1163	-177
-51	-1004	-185
213	-655	-181
198	-551	-159
77	-748	-153
-129	-1015	-212
-331	-1366	-77
-506	-1692	24
-609	-1750	21
-582	-1652	-49
-521	-1781	-49
-663	-1721	551
-657	-1339	1219
-342	-1170	1213
-301	-1111	831
-481	-1235	557
-503	-1470	277
-435	-1657	195
-539	-1909	245
-648	-1781	-31
-529	-1637	-280
-505	-1323	-301
-398	-1331	-271
-268	-1357	-265
-215	-1400	-265
-208	-1176	-282
-177	-977	-257
-156	-835	-238
-114	-778	-203
-44	-656	-180
16	-415	-115
-242	-661	117
-307	-1011	298
-415	-1408	345
-624	-1686	663
-676	-1690	666
-589	-1664	690
-555	-1335	1031
-463	-1047	1031
-550	-1154	699
-819	-1186	282
-1028	-1303	57
-864	-1501	-14
-628	-1288	-72
-667	-1327	-140
-740	-1429	-256
-635	-1401	-386
-353	-1174	-327
-273	-1097	-215
-341	-1019	-185
-358	-1047	-222
-324	-1062	-219
-287	-1256	-245
-276	-1223	-218
-207	-1208	-75
33	-942	59
255	-609	219
3	-808	361
-64	-997	299
-138	-1206	142
-287	-1483	212
-430	-1631	409
-628	-1600	637
-738	-1450	727
-416	-1197	667
-144	-1182	554
-327	-1144	350
-537	-1154	195
-765	-1192	181
-854	-1185	109
-783	-1615	-83
-597	-1584	-258
-338	-1385	-254
-237	-1140	-181
-299	-1171	-149
-340	-1179	-171
-325	-1241	-212
-292	-1242	-228
-310	-1364	-276
-221	-1345	-299
16	-1313	-362
136	-1010	-372
215	-859	-112
-21	-1022	51
-215	-1168	113
-156	-1334	88
-206	-1648	93
-439	-1798	-117
-763	-1636	77
-1022	-1186	464
-695	-1126	456
-611	-1222	404
-473	-1179	251
-508	-1230	283
-548	-1228	257
-594	-1375	120
-611	-1629	9
-509	-1571	-127
-335	-1374	-200
-296	-1208	-196
-333	-1223	-203
-352	-1293	-232
-353	-1362	-269
-314	-1470	-346
-302	-1450	-438
-12	-1219	-335
516	-936	-343
477	-715	-341
119	-993	-184
-127	-1220	-104
-303	-1332	-72
-275	-1527	-14
-345	-1708	76
-463	-1831	129
-688	-1852	431
-733	-1553	697
-547	-1483	727
-452	-1196	615
-477	-1109	528
-511	-1121	348
-570	-1363	132
-556	-1733	54
-433	-1662	7
-348	-1551	-46
-387	-1426	-152
-447	-1409	-236
-412	-1363	-247
-310	-1363	-226
-255	-1227	-213
-5	-923	-153
149	-736	-172
150	-943	-250
61	-1049	-234
-125	-1294	-108
-232	-1327	9
-314	-1220	-11
-366	-1205	-3
-354	-1363	-14
-472	-1769	-17
-803	-1987	202
-893	-1840	779
-855	-1474	789
-620	-1348	731
-357	-1277	677
-444	-1135	432
-538	-1405	266
-548	-1521	239
-443	-1526	237
-365	-1417	63
-418	-1348	-113
-493	-1347	-212
-406	-1380	-228
-347	-1423	-196
-307	-1361	-222
-172	-1179	-294
256	-917	-314
524	-736	-375
205	-856	-303
-68	-1353	-210
-217	-1563	-113
-355	-1563	-66
-360	-1551	91
-312	-1578	38
-735	-1716	-118
-790	-1805	301
-859	-1590	462
-840	-1417	538
-745	-1221	504
-708	-1240	432
-628	-1178	222
-538	-1355	148
-482	-1519	121
-438	-1577	78
-402	-1510	-46
-369	-1416	-161
-361	-1372	-200
-371	-1429	-214
-360	-1481	-220
-320	-1399	-266
-122	-1229	-296
269	-915	-195
564	-789	-303
248	-874	-296
-199	-1239	-141
-339	-1406	-29
-406	-1474	-61
-445	-1525	-2
-467	-1611	-71
-546	-1820	-52
-796	-1895	185
-920	-1616	490
-868	-1396	658
-724	-1138	639
-585	-1060	626
-533	-1115	386
-580	-1481	164
-470	-1830	45
-358	-1776	106
-273	-1606	50
-421	-1562	-161
-494	-1595	-259
-350	-1591	-251
-250	-1464	-206
-103	-1261	-159
20	-952	-165
132	-790	-140
439	-776	-218
300	-742	-242
-165	-1292	-74
-308	-1598	-32
-390	-1726	-104
-504	-1695	39
-464	-1604	-115
-607	-1833	-110
-980	-1825	411
-935	-1601	746
-689	-1391	753
-547	-1211	570
-671	-1272	426
-618	-1144	233
-533	-1439	176
-541	-1615	133
-522	-1570	66
-461	-1544	-80
-426	-1422	-188
-399	-1372	-207
-314	-1296	-188
-247	-1260	-165
-241	-1117	-176
-88	-1000	-171
169	-708	-165
298	-883	-240
86	-1013	-253
-227	-1370	-118
-333	-1633	-2
-355	-1621	-74
-381	-1581	-6
-426	-1502	-10
-554	-1547	95
-819	-1696	465
-823	-1515	775
-600	-1454	716
-559	-1206	550
-691	-1139	487
-746	-1156	282
-646	-1437	72
-538	-1748	29
-430	-1688	13
-407	-1618	-74
-411	-1484	-177
-435	-1431	-212
-371	-1424	-167
-277	-1427	-93
-241	-1370	-46
59	-1144	-70
417	-737	-132
333	-730	-225
30	-719	-117
-234	-1012	-12
-322	-1352	-24
-421	-1683	-105
-642	-1825	90
-644	-1658	55
-500	-1621	-204
-592	-1745	177
-604	-1624	568
-748	-1440	594
-817	-1069	479
-802	-936	498
-732	-1139	351
-670	-1430	135
-525	-1725	98
-358	-1608	131
-335	-1583	80
-411	-1421	-60
-467	-1406	-151
-384	-1338	-176
-283	-1329	-146
-254	-1300	-163
-38	-1129	-209
300	-748	-213
318	-902	-274
66	-1010	-248
-173	-1300	-143
-299	-1442	-19
-380	-1432	-76
-427	-1369	-10
-407	-1409	-19
-443	-1598	-89
-675	-1830	56
-778	-1589	267
-767	-1442	400
-807	-1188	474
-851	-1108	514
-769	-1230	338
-558	-1311	171
-404	-1538	142
-343	-1558	165
-359	-1569	105
-365	-1437	-39
-369	-1394	-139
-341	-1321	-187
-270	-1296	-187
-249	-1252	-167
-238	-1171	-200
-109	-972	-224
86	-918	-181
152	-851	-254
-61	-837	-248
-301	-1047	-36
-354	-1207	189
-274	-1363	129
-206	-1536	22
-375	-1723	108
-778	-1873	-5
-1055	-1686	105
-838	-1393	142
-851	-1281	357
-900	-1094	314
-838	-1125	287
-667	-1179	81
-553	-1482	-34
-412	-1513	-25
-381	-1522	27
-382	-1433	-41
-356	-1382	-153
-327	-1339	-208
-297	-1357	-193
-242	-1336	-172
-250	-1269	-165
-92	-1092	-187
189	-1039	-148
501	-910	-312
-21	-863	-247
-372	-1234	37
-264	-1297	36
-260	-1321	-98
-343	-1364	-27
-425	-1449	-80
-482	-1674	-210
-789	-1767	2
-1016	-1561	242
-980	-1458	346
-889	-1191	427
-805	-1229	452
-595	-1138	275
-469	-1174	159
-438	-1364	109
-415	-1433	121
-423	-1492	81
-366	-1434	-48
-343	-1366	-140
-349	-1369	-170
-280	-1401	-143
-227	-1393	-170
22	-1170	-203
360	-763	-276
295	-878	-334
-22	-908	-225
-178	-1190	-123
-255	-1401	-48
-340	-1372	-96
-368	-1301	-30
-381	-1344	-53
-473	-1403	-61
-804	-1603	261
-1053	-1654	441
-997	-1507	393
-791	-1164	484
-600	-1136	520
-538	-1140	323
-543	-1314	137
-524	-1656	26
-440	-1634	30
-376	-1505	-13
-317	-1287	-113
-350	-1137	-154
-362	-1112	-165
-304	-1186	-155
-271	-1241	-146
-103	-1194	-184
202	-848	-200
282	-863	-254
114	-909	-178
-104	-1204	-54
-247	-1560	-31
-365	-1630	-101
-378	-1573	-18
-470	-1428	3
-550	-1301	-138
-688	-1348	-46
-760	-1344	135
-832	-1402	249
-888	-1168	206
-948	-1082	233
-870	-1207	229
-631	-1304	77
-552	-1575	48
-424	-1600	7
-395	-1565	-46
-348	-1357	-128
-355	-1213	-171
-317	-1184	-173
-270	-1282	-192
-265	-1351	-275
-205	-1276	-296
-123	-1005	-256
-11	-1042	-246
166	-869	-291
26	-785	-233
-201	-1069	-55
-284	-1210	5
-357	-1245	-49
-415	-1301	84
-397	-1405	39
-424	-1670	-133
-646	-1837	61
-835	-1653	392
-875	-1420	523
-829	-1184	605
-721	-1159	569
-594	-1170	299
-468	-1367	174
-292	-1457	183
-247	-1512	230
-267	-1431	129
-297	-1341	-30
-324	-1329	-133
-336	-1374	-157
-314	-1424	-154
-304	-1408	-212
-146	-1244	-273
466	-1011	-253
587	-635	-403
-142	-891	-279
-212	-1206	-143
-158	-1395	-78
-347	-1422	-68
-486	-1475	44
-480	-1477	-93
-511	-1711	-108
-758	-1681	325
-804	-1563	582
-851	-1549	622
-699	-1253	561
-545	-1194	554
-517	-1146	351
-547	-1424	153
-471	-1558	110
-381	-1545	112
-349	-1470	6
-356	-1360	-132
-398	-1352	-189
-391	-1443	-196
-312	-1466	-189
-257	-1452	-250
-109	-1245	-271
76	-1026	-194
190	-834	-271
66	-676	-215
-205	-829	-77
-284	-1000	1
-270	-1079	-50
-354	-1367	-31
-523	-1637	53
-559	-1836	-90
-1083	-2024	73
-1219	-1376	255
-869	-1399	336
-671	-1300	505
-586	-1321	469
-548	-1146	286
-534	-1318	152
-481	-1420	90
-432	-1504	65
-388	-1381	-2
-344	-1345	-97
-354	-1333	-164
-353	-1381	-176
-264	-1320	-166
-262	-1359	-192
-178	-1233	-236
58	-1080	-175
347	-939	-325
139	-731	-249
-207	-1095	-15
-204	-1211	-31
-317	-1292	-108
-389	-1483	90
-439	-1634	71
-519	-1768	-20
-823	-1753	236
-924	-1474	585
-781	-1433	685
-746	-1137	584
-685	-1188	498
-618	-1153	308
-527	-1410	117
-463	-1737	57
-445	-1675	95
-449	-1617	-12
-420	-1481	-151
-454	-1442	-195
-389	-1422	-191
-278	-1415	-143
-210	-1324	-147
40	-1112	-178
303	-695	-198
259	-670	-193
134	-759	-180
-125	-1093	-178
-347	-1473	-52
-412	-1718	-29
-485	-1810	36
-568	-1746	157
-747	-1685	244
-801	-1786	324
-568	-1637	582
-589	-1417	653
-785	-1094	467
-894	-1079	356
-772	-1115	174
-602	-1388	56
-514	-1637	-18
-460	-1553	31
-466	-1519	13
-446	-1447	-101
-427	-1432	-166
-347	-1410	-157
-277	-1366	-101
-274	-1358	-124
25	-1081	-156
324	-728	-152
321	-883	-217
93	-982	-187
-157	-1360	-140
-289	-1471	-97
-399	-1533	-115
-485	-1621	-14
-567	-1721	-24
-693	-1786	-36
-822	-1661	169
-774	-1582	556
-764	-1358	589
-756	-1081	406
-751	-1064	370
-722	-1098	202
-682	-1491	111
-556	-1651	65
-442	-1668	54
-399	-1612	-26
-412	-1536	-117
-426	-1522	-153
-377	-1550	-153
-322	-1562	-153
-133	-1437	-207
283	-981	-265
541	-729	-302
393	-836	-308
-26	-1141	-273
-159	-1555	-205
-369	-1758	-137
-483	-1779	-17
-523	-1701	31
-577	-1562	-43
-783	-1746	177
-788	-1682	439
-667	-1565	620
-646	-1157	529
-754	-1034	430
-790	-1074	343
-707	-1275	140
-605	-1764	42
-479	-1747	61
-448	-1665	73
-443	-1581	-64
-499	-1550	-165
-465	-1487	-181
-360	-1461	-143
-257	-1315	-136
-59	-1139	-179
120	-741	-201
144	-799	-178
140	-811	-220
-81	-1036	-209
-252	-1319	-110
-376	-1534	-91
-505	-1661	-91
-572	-1741	-59
-721	-1812	-99
-859	-1985	32
-1004	-1760	380
-996	-1434	665
-756	-1057	629
-669	-1067	536
-713	-1181	234
-647	-1379	66
-545	-1739	120
-457	-1628	173
-422	-1555	48
-460	-1432	-123
-543	-1440	-216
-437	-1438	-208
-328	-1455	-164
-238	-1387	-243
-26	-1083	-284
249	-874	-292
273	-911	-396
-2	-956	-269
-183	-1235	-121
-269	-1378	-84
-385	-1503	-135
-513	-1703	-9
-563	-1820	-33
-680	-1913	-36
-996	-1763	332
-864	-1491	591
-656	-1255	644
-718	-1190	520
-848	-1237	343
-750	-1288	153
-547	-1671	91
-400	-1682	143
-446	-1674	88
-482	-1543	-81
-533	-1537	-192
-462	-1460	-214
-346	-1427	-188
-286	-1274	-154
-200	-1196	-206
-3	-926	-224
220	-847	-254
274	-824	-331
-38	-1054	-189
-169	-1303	-69
-307	-1511	-102
-467	-1680	-96
-564	-1751	66
-546	-1718	-93
-691	-1919	-12
-859	-1861	330
-705	-1631	495
-698	-1275	523
-941	-1057	425
-1018	-1086	295
-743	-1139	87
-602	-1539	60
-491	-1714	60
-442	-1728	22
-413	-1607	-89
-426	-1551	-192
-402	-1446	-217
-323	-1431	-204
-282	-1366	-191
-242	-1327	-254
-39	-1070	-248
396	-914	-312
410	-811	-399
59	-1104	-281
-140	-1430	-170
-345	-1570	-104
-416	-1694	-59
-517	-1787	20
-574	-1761	-66
-799	-1881	102
-928	-1754	352
-840	-1589	508
-814	-1154	509
-865	-1010	481
-855	-1109	370
-694	-1233	163
-578	-1766	53
-419	-1921	48
-384	-1819	54
-428	-1679	-62
-537	-1636	-174
-503	-1582	-229
-339	-1474	-196
-281	-1342	-190
-134	-1192	-235
235	-778	-278
423	-779	-306
289	-915	-301
-28	-1245	-222
-195	-1477	-119
-392	-1712	-89
-503	-1883	-2
-548	-1898	-43
-687	-1942	-60
-951	-1987	317
-957	-1676	766
-775	-1415	837
-628	-1071	661
-706	-1143	559
-765	-1176	273
-667	-1528	131
-550	-1919	125
-484	-1825	120
-497	-1750	-24
-586	-1632	-174
-595	-1623	-236
-380	-1517	-200
-247	-1329	-118
-174	-1261	-150
1	-1082	-205
266	-685	-203
368	-638	-237
120	-699	-118
-173	-1155	-1
-340	-1688	-50
-451	-2108	-53
-636	-2158	53
-694	-1745	-29
-786	-1511	-2
-638	-1602	231
-685	-1546	453
-835	-1370	389
-917	-1033	277
-952	-1020	306
-820	-1181	202
-693	-1448	77
-652	-1787	-16
-516	-1714	-46
-461	-1661	-37
-477	-1543	-95
-497	-1540	-159
-409	-1489	-175
-347	-1438	-140
-236	-1357	-150
70	-1059	-221
339	-662	-231
308	-854	-229
55	-970	-237
-148	-1344	-215
-322	-1649	-129
-458	-1716	-58
-532	-1799	70
-471	-1519	-32
