A_X [mg]	A_Y [mg]	A_Z [mg]
9	913	-379
-575	481	-172
-956	461	-61
-894	430	32
-698	696	99
726	1022	117
2667	2202	-471
3658	1930	-180
1897	667	-208
768	-402	-295
436	-772	131
572	-1025	400
563	-1123	350
777	-636	178
2097	-239	-214
4016	1768	-524
2726	1908	-544
1033	1349	-643
114	868	-373
-473	586	-234
-952	506	-67
-1037	428	26
-725	758	84
284	869	3
2673	2171	-392
4021	2299	-85
2058	770	-20
825	-190	-124
431	-698	228
472	-1082	490
372	-1296	317
625	-797	212
2067	-346	-101
4314	2654	-614
2811	2056	-500
1144	1496	-612
34	854	-284
-564	439	-167
-1099	501	-54
-1082	519	40
-850	720	-78
5	980	80
2188	1979	-506
4320	2592	-239
2580	1036	-53
825	56	-112
361	-638	203
442	-932	458
405	-1327	287
515	-971	245
1692	-503	-77
4312	1218	-326
3398	2669	-482
1269	1758	-676
47	1046	-457
-585	514	-226
-1208	412	-127
-1217	556	0
-823	802	-68
67	999	35
2227	2062	-593
3860	2486	-329
2533	1212	-160
1012	-30	-162
637	-580	140
706	-922	448
470	-1326	356
603	-855	250
1769	-355	-113
3935	1380	-593
3026	2342	-540
1327	1643	-740
251	992	-462
-512	564	-273
-1116	484	-127
-1174	507	-40
-835	716	-72
215	1115	85
2300	1992	-470
3978	2405	-119
2474	1088	-103
861	-8	-121
510	-499	-30
553	-761	169
385	-1227	311
478	-1030	374
1203	-551	61
2871	-152	-977
3888	2659	-488
1773	1723	-732
326	1157	-505
-380	605	-265
-948	404	-173
-1044	427	-40
-843	592	-164
-310	960	51
1295	1526	-257
3472	2563	-355
3302	1731	-99
1346	491	-75
635	-297	-22
738	-673	238
645	-1104	315
583	-1044	426
823	-532	279
2325	-139	36
4494	2402	-330
2702	2106	-490
734	1596	-667
-119	942	-516
-1060	703	-280
-1732	563	-65
-1417	772	-129
-699	988	5
533	1372	-164
3216	3172	-814
4163	2555	-102
1979	951	-18
824	-232	23
656	-596	381
609	-1034	418
488	-1069	457
757	-486	383
1886	-252	13
4458	2152	-566
3118	2622	-811
937	2000	-997
-224	1207	-676
-962	594	-383
-1519	411	-154
-1323	578	-69
-733	865	-11
322	1284	53
2524	2720	-572
4055	2597	-164
2125	1001	-66
855	-244	-118
814	-709	301
804	-1046	475
537	-1193	437
749	-633	341
1726	-189	-43
4039	1954	-513
3266	2759	-710
1153	1992	-733
-129	1173	-539
-884	480	-211
-1414	373	-49
-1259	516	42
-717	746	-41
309	1220	9
2446	2480	-557
3779	2495	-409
2270	1204	-40
944	-75	-63
800	-578	228
728	-898	365
615	-1216	349
781	-750	386
1370	-304	132
3561	1035	-487
3300	2727	-483
1349	1690	-799
182	995	-544
-434	439	-296
-871	357	-113
-908	465	34
-770	593	-30
-188	1011	105
1516	1657	-348
3620	2529	-277
2967	1553	42
1277	261	-50
721	-464	48
657	-750	308
377	-1130	324
438	-964	346
838	-514	240
2506	-1	-111
3988	2362	-315
2200	1510	-539
657	1115	-458
-174	560	-269
-598	453	-192
-876	529	54
-791	558	43
-476	831	150
915	1106	-129
3107	2364	-471
3579	2009	215
1716	582	-128
719	-412	-171
544	-738	284
440	-1054	370
368	-1194	324
892	-615	248
2358	-133	-18
4021	2301	-285
2410	1926	-433
801	1450	-547
22	810	-289
-443	484	-144
-810	452	-27
-885	457	-24
-570	715	131
710	829	140
2704	1702	-184
3255	1798	10
1937	597	111
935	-327	-240
594	-598	136
321	-881	312
297	-1168	304
577	-687	306
1807	-439	19
3927	1275	-181
3258	2112	-216
1248	1326	-442
278	792	-420
-77	462	-300
-557	535	-188
-855	496	-4
-666	580	-9
139	839	193
1965	1208	-269
2918	1794	287
2540	1060	80
1272	-18	-193
792	-644	-113
803	-779	248
654	-1124	309
584	-993	248
1101	-463	25
3217	70	-101
3441	2095	-109
1655	1182	-344
653	924	-424
63	595	-350
-542	567	-257
-815	491	-72
-630	575	-75
-168	814	180
1580	1103	-248
3012	2127	191
3054	1517	272
1261	175	-6
550	-491	46
707	-716	132
560	-1032	202
289	-1129	245
662	-565	126
2151	-329	-146
4063	1740	-360
2396	1716	-341
731	1170	-435
56	563	-254
-393	309	-135
-626	403	-61
-534	437	-3
-371	634	50
813	838	-196
3118	1871	-286
3368	1661	188
1544	444	-10
636	-385	-139
413	-732	82
447	-844	343
364	-1039	222
661	-735	132
2152	-439	-253
4180	1198	-611
2962	1902	-554
1036	1317	-637
68	869	-437
-508	545	-220
-827	505	-76
-815	478	40
-566	585	14
187	812	15
2432	1884	-401
3933	2067	-182
2103	745	12
784	-220	-100
462	-677	207
532	-813	469
572	-1042	384
761	-677	307
1806	-312	-36
3386	1063	-576
2786	1832	-548
1280	1188	-757
219	753	-399
-433	499	-234
-755	496	-141
-827	502	-24
-609	637	-9
243	807	146
1796	1393	-334
3171	2175	-190
2505	1456	-177
1182	331	-176
894	-335	-31
1023	-752	183
719	-1163	324
633	-928	244
983	-479	-29
2751	158	-427
3735	2575	-762
1966	1525	-713
492	1085	-483
-361	652	-239
-959	497	-3
-1115	403	37
-816	579	33
-41	817	212
1761	1436	-555
4073	2498	-78
3070	1262	-109
1076	186	-144
422	-512	-29
523	-810	269
463	-1066	316
414	-1064	319
838	-653	264
2896	-184	133
4240	2179	-43
2236	1600	-477
632	1208	-671
-117	737	-512
-671	528	-362
-878	477	-88
-670	503	-25
-311	681	130
677	872	-40
2342	1778	-319
3596	1970	-101
2043	758	-209
961	-148	-133
831	-435	98
718	-737	281
480	-1152	326
629	-819	246
1633	-577	32
3941	1015	-97
3503	2072	-258
1502	1491	-566
226	1051	-642
-503	837	-594
-1158	725	-347
-1128	605	-133
-773	711	-24
210	857	225
2208	1900	-293
4183	2474	-40
2777	1109	106
1016	-47	-195
449	-688	-77
418	-884	292
422	-1229	396
539	-903	287
1499	-487	144
3837	706	18
3791	2180	17
1723	1627	-493
414	1139	-627
-300	751	-527
-836	584	-368
-1049	552	-138
-813	658	-27
0	869	177
2216	1735	55
3846	2302	22
2589	1127	375
938	-32	5
383	-428	146
385	-558	363
339	-875	330
385	-1025	249
929	-607	61
2815	-93	-126
4139	2027	-384
2464	1921	-532
902	1400	-736
21	757	-408
-614	389	-254
-1085	349	-85
-1208	413	17
-740	536	33
294	848	16
2735	2576	-388
4141	2617	-421
1857	903	95
683	-172	-40
511	-660	245
575	-941	442
371	-1481	423
935	-1118	125
2922	-55	-673
4346	2554	-956
2454	2218	-946
958	1755	-762
0	1059	-498
-514	583	-222
-821	451	-10
-912	491	185
-781	662	91
-311	880	147
1325	1296	-504
3550	2718	-1008
3547	1627	-464
1481	258	-212
752	-544	-94
596	-770	243
390	-935	323
233	-990	240
584	-653	37
2854	-168	-612
4836	2833	-928
2523	2054	-668
513	1504	-800
-365	965	-457
-853	574	-241
-1122	481	-79
-987	462	-83
-672	667	93
31	932	30
2320	2584	-475
4409	2910	-327
2490	1048	-80
906	-40	-137
534	-496	69
550	-717	349
331	-1150	378
430	-1008	387
1333	-609	36
3467	423	-347
4237	2513	-630
1915	2040	-690
369	1617	-776
-292	1055	-577
-760	632	-347
-1118	410	-148
-1025	511	-79
-449	757	182
563	1215	-5
2595	2612	-258
3832	2416	-135
2070	1048	-38
856	-5	-153
754	-539	132
769	-851	380
629	-1041	420
837	-578	365
1837	-83	302
3823	1629	-278
3078	2308	-378
1140	1560	-642
-40	868	-611
-692	483	-443
-996	364	-276
-959	215	-244
-641	350	-162
-139	669	-10
1457	1684	-377
3473	3060	12
2809	1798	16
1322	472	60
627	-236	154
687	-632	313
709	-1254	370
708	-1181	248
1265	-699	-54
3325	277	-583
4160	2754	-839
2168	2045	-892
535	1529	-771
-216	937	-445
-874	574	-142
-1288	245	122
-1149	463	177
-484	515	201
659	1054	-27
3078	2832	-120
3899	2124	-102
1752	781	180
744	-18	157
608	-474	392
702	-901	483
742	-1056	383
994	-622	118
2064	-323	-296
3473	1703	-926
2609	1674	-865
1163	1283	-957
350	911	-678
-202	588	-429
-616	396	-180
-818	378	83
-646	420	226
-245	410	180
927	1174	46
2843	2450	-28
3062	1811	121
1623	774	214
870	139	200
759	-134	273
743	-325	255
558	-594	223
617	-608	71
1060	-452	-112
2656	91	-300
3534	2048	-600
1965	1427	-489
907	1199	-881
253	924	-756
-217	626	-518
-582	496	-145
-670	413	245
-578	393	410
-213	360	396
1060	1078	369
3222	2479	-151
3123	1756	328
1367	655	221
577	19	90
482	-235	81
581	-486	61
736	-572	24
868	-403	-66
1381	-251	-326
2892	750	-649
2712	1964	-844
1430	1278	-783
435	926	-563
-177	532	-221
-557	278	-89
-673	348	125
-526	378	227
-262	538	178
705	901	-112
2439	2112	-584
3294	2046	-203
1829	900	-46
799	159	-38
521	-168	131
486	-439	237
462	-780	252
662	-793	135
1062	-548	-56
2710	84	-490
3424	1951	-696
2070	1504	-669
783	1141	-614
95	739	-269
-415	515	-97
-817	509	107
-873	511	170
-632	743	157
545	896	51
2717	2137	-505
4111	1905	-22
1830	521	44
792	-269	33
534	-457	332
340	-704	432
130	-1093	350
270	-843	210
1390	-543	-218
3988	630	-490
3779	2636	-880
1429	1647	-704
497	1120	-462
-231	674	-288
-935	582	25
-1145	531	252
-934	740	74
-299	801	59
2342	1863	-295
4515	2467	-518
2542	1071	158
861	-239	-189
311	-663	39
204	-794	238
281	-1097	270
439	-1045	254
1011	-482	-70
3246	-167	-441
3912	2236	-819
2206	1629	-653
741	1231	-591
-220	513	-210
-794	324	-68
-1292	454	127
-952	637	-32
-350	937	136
1673	1623	-411
3552	2529	-580
3146	1724	276
1354	212	-244
799	-495	-167
520	-716	314
502	-1112	325
597	-1085	273
1016	-551	203
2640	-168	-172
4415	2422	-450
2597	1945	-605
660	1472	-691
-290	853	-345
-1009	458	-162
-1382	533	113
-990	679	53
-410	925	259
1601	1451	-185
3909	2284	-342
3329	1548	668
1324	207	-72
488	-454	-15
284	-666	464
267	-1003	344
348	-1180	216
873	-644	196
2520	-230	-346
3995	2359	-722
2213	1541	-392
679	1155	-496
-105	606	-191
-597	340	-63
-901	526	135
-754	554	39
-419	742	88
1232	1060	-299
3290	2470	-343
3100	1682	183
1325	267	10
565	-482	49
424	-656	406
324	-991	251
412	-1203	92
935	-635	110
2842	-137	-592
3985	2465	-831
2011	1523	-538
633	1149	-420
-115	631	-79
-592	454	39
-824	582	187
-812	525	34
-562	684	63
819	745	-116
3110	2129	-729
3876	1911	38
1785	580	-147
649	-257	-43
301	-490	203
408	-874	203
550	-1323	143
880	-852	193
1953	-585	-272
4149	1336	-895
2784	2122	-549
956	1395	-689
-106	853	-411
-655	438	-162
-849	465	-21
-708	453	32
-489	644	49
580	873	21
2570	1962	-340
3591	2146	193
2018	787	156
779	-171	-24
434	-552	167
509	-781	255
448	-1114	167
570	-844	251
1456	-452	-38
3487	710	-599
3504	2090	-503
1676	1381	-661
379	846	-507
-278	535	-230
-717	526	-211
-922	559	-28
-749	648	-76
-383	775	103
931	935	-164
3629	2415	-507
3800	1399	-82
1693	199	-145
457	-442	-62
221	-821	141
499	-986	273
450	-1035	284
731	-733	38
2822	-554	-538
4332	1672	-669
2611	1501	-392
677	1299	-750
-378	985	-630
-813	690	-310
-885	707	-109
-659	550	-33
-27	416	195
1619	570	76
3038	1577	348
3382	1473	-11
1870	537	-181
664	-14	-125
209	-402	26
249	-731	384
456	-947	585
639	-890	360
2082	-724	12
4362	1390	-646
3239	1672	-650
1096	1494	-919
-32	1095	-580
-686	900	-319
-1042	595	48
-1122	585	91
-829	729	153
-224	678	107
1707	2007	-434
4535	2978	-815
3128	1370	-455
1073	135	-72
344	-600	226
410	-854	491
396	-1193	432
532	-890	232
1462	-382	-239
3896	1442	-865
3239	2611	-868
1418	1916	-944
152	1246	-503
-464	600	-202
-975	365	30
-1025	295	228
-830	432	59
-261	849	172
1843	2076	-190
4517	2826	-74
1870	1359	575
635	100	420
921	-553	77
481	-936	183
308	-966	324
538	-824	353
910	-538	190
2571	-197	90
3522	1714	-790
2016	2007	-204
665	1252	-326
61	734	-403
-701	525	-138
-1046	456	32
-853	523	87
-538	748	66
1310	1398	-239
3950	2715	-166
3093	1452	252
1167	47	-37
521	-532	26
394	-778	400
397	-1029	479
441	-1017	293
925	-633	92
3094	-184	-477
4012	2109	-496
2065	1527	-572
369	1290	-707
-482	820	-359
-917	623	-133
-859	655	87
-600	723	0
-164	1004	119
1243	1402	-132
2973	2429	-531
3175	1934	10
1502	660	-90
715	-15	-5
638	-330	318
505	-703	446
351	-1192	441
596	-778	342
1973	-405	116
3725	1204	-701
3054	1869	-392
1330	1547	-683
344	959	-635
-250	635	-532
-810	742	-369
-1071	607	-95
-853	812	-65
98	905	283
2005	1547	-105
4135	2153	65
2728	982	241
1003	-29	-68
405	-554	71
347	-679	277
224	-966	357
294	-990	338
1020	-592	123
3439	171	-76
3714	2342	-152
1677	1338	-467
638	925	-435
1	558	-301
-522	488	-216
-742	549	-63
-644	641	-120
-180	914	69
1205	1240	-299
2849	1788	-61
2413	1576	392
1367	750	250
1117	137	128
682	-309	22
376	-718	68
369	-1008	196
470	-695	357
1186	235	317
2182	1578	-109
1929	1673	-644
783	1448	-375
454	930	-179
276	569	-117
-6	351	-28
-255	245	-55
-137	407	-214
337	753	-526
1740	1301	-691
1753	1433	-476
1463	1020	-140
955	256	153
852	-163	281
494	-385	103
128	-523	-48
63	-336	41
640	92	-36
1875	978	-547
2151	1438	-1147
1376	1340	-424
905	881	-53
457	436	-120
28	150	-144
-371	20	-140
-273	273	-385
386	657	-738
1594	1247	-590
2030	1983	498
1336	1075	-171
1131	456	-432
816	-115	-341
678	-381	177
306	-496	353
-100	-366	64
549	59	97
2211	1213	-737
1855	1218	-517
720	948	183
498	560	109
310	270	-5
-72	94	-45
-400	76	-211
-20	440	-267
1012	898	-595
1787	1459	355
1332	811	16
721	187	-304
656	-412	-135
708	-453	484
197	-498	332
192	-335	81
1631	153	-321
2477	1280	-895
1165	1008	-274
530	828	248
-50	409	40
-307	174	-15
-392	142	-245
154	440	-587
1122	790	-726
1935	1235	-524
1189	1145	434
807	252	-395
627	-244	-301
555	-397	255
373	-506	430
189	-384	46
1024	144	-222
2065	1014	-672
1746	1075	-382
1302	1052	265
420	524	-33
192	205	-127
-175	11	-265
-1	204	-381
771	610	-540
1421	1053	-592
1342	1666	433
1672	1126	364
1175	392	58
577	-292	93
345	-338	172
4	-386	100
261	-234	33
1775	265	-313
2610	1650	-686
1676	1208	-374
872	935	34
799	704	235
-252	77	-97
-451	5	-173
-225	317	-438
949	732	-651
1990	1537	-93
2247	1457	217
1696	907	-164
765	335	-348
454	-91	-221
239	-465	415
-10	-547	175
649	-300	-129
2464	597	-776
2367	1453	-849
1300	1222	-339
728	939	155
542	593	40
263	265	-99
-483	145	-227
-145	492	-374
1180	986	-743
2422	1793	-433
1771	1532	638
1283	720	29
556	48	-294
402	-366	-296
348	-548	-57
494	-380	253
1797	35	-258
2658	1472	-941
1737	1363	-679
888	1112	-424
369	878	196
398	535	238
47	244	48
-364	36	-22
340	1047	-1093
2153	2204	-1153
1608	2026	-14
1464	908	245
920	-62	-491
810	-783	-568
629	-857	-312
350	-746	261
105	-478	437
2598	1081	-564
2419	1799	-739
1379	1152	-457
625	725	-375
307	494	-91
-235	297	121
-362	93	78
-357	336	-243
303	910	-550
2125	1888	1
1904	1127	-45
953	575	-449
479	-87	-539
468	-433	-362
568	-627	199
454	-553	707
515	-245	417
2095	519	-238
1281	1190	-346
865	724	-200
474	90	-330
-92	97	-275
-533	46	-217
-338	338	-192
-36	892	-321
518	915	-344
1827	1576	387
997	798	218
983	146	119
1057	-106	308
1048	-666	349
937	-1099	243
1023	-815	235
1823	-331	163
3297	1037	87
2699	2009	-88
312	962	-258
-218	586	-249
-665	551	-122
-780	466	71
-563	663	1
97	951	115
1837	1341	-65
3249	1996	324
2397	946	33
678	-416	-129
510	-682	89
455	-1013	306
357	-1172	276
703	-672	107
2874	-342	-119
4229	2121	-238
2321	1389	-450
850	1140	-449
-307	548	-280
-737	631	-135
-836	548	-34
-584	778	-8
770	999	-15
2703	1877	-112
3422	1688	244
1871	459	25
830	-227	-56
321	-752	307
288	-1030	398
364	-898	258
1053	-493	-2
3265	273	-77
3853	2364	-248
1722	1385	-339
402	941	-371
-173	483	-253
-597	431	-105
-467	520	-53
-28	830	44
1483	1153	-175
2769	1778	-41
2689	1298	240
1404	356	47
728	-339	-31
528	-636	303
341	-981	218
572	-674	167
2074	-333	59
4310	1711	-219
2632	1684	-333
955	1169	-522
112	766	-380
-365	424	-282
-730	508	-169
-624	520	-44
85	687	220
1898	1629	-207
3780	2263	38
2612	1143	205
1091	83	-100
505	-528	-70
410	-756	275
462	-1055	362
1295	-574	230
3455	444	-38
3396	2301	-219
1610	1441	-461
438	1040	-411
-98	531	-258
-502	453	-227
-680	487	-46
-598	505	-78
1078	1042	-24
3204	2284	-115
3033	1618	-24
1411	440	19
592	-179	20
364	-435	308
481	-831	461
467	-1160	276
788	-791	142
3947	1505	-455
2850	1915	-468
1032	1442	-639
5	886	-432
-405	473	-258
-683	463	-109
-760	505	-8
-645	598	-12
82	772	168
3781	2200	-328
2473	993	-91
1126	80	-184
467	-348	-89
235	-537	238
299	-907	392
391	-1105	261
1051	-988	38
2997	-86	-626
1991	1722	-821
485	1240	-735
-265	675	-269
-664	396	-85
-818	418	86
-722	515	43
-508	773	172
220	826	-62
2493	2255	-524
2278	995	-499
981	-35	-269
474	-454	290
472	-727	513
457	-1175	401
608	-902	284
1453	-392	-200
3568	884	-348
3598	2604	-528
307	1265	-667
-300	703	-496
-925	555	-340
-1215	412	6
-1078	586	13
-516	670	31
1034	1877	-16
3437	3258	-356
3386	2018	-260
564	-527	-92
620	-773	160
619	-974	400
597	-859	397
1047	-424	206
2766	195	62
3961	2810	-383
2317	2194	-595
757	1530	-659
-617	477	-243
-966	430	-67
-999	491	69
-784	696	24
-54	898	-29
2219	2430	-314
3894	2603	-538
2243	965	-90
909	-200	-149
607	-898	320
519	-1247	205
820	-873	163
1746	-399	-115
3965	1436	-954
3061	2546	-648
1183	1654	-774
27	1038	-524
-565	557	-241
-803	385	133
-675	514	62
-296	708	36
1223	1500	-236
3661	2968	-576
3077	1583	-218
1233	213	-44
557	-378	139
501	-696	429
584	-1106	212
1061	-623	-6
3458	447	-636
3876	2484	-496
2006	1891	-768
432	1389	-624
-306	821	-360
-816	599	-197
-1108	567	38
-969	535	7
-571	729	106
1037	1069	133
3163	2699	-331
3444	2299	36
1591	671	68
750	-310	-243
555	-680	173
460	-1097	553
385	-1375	345
2825	-51	-195
4642	3198	-504
2334	2176	-447
613	1530	-682
-297	913	-411
-990	454	-278
-1336	526	8
-1193	505	40
-703	743	13
3432	2958	-475
3595	2230	26
1738	500	104
742	-383	138
396	-600	345
414	-724	420
500	-1114	365
1003	-880	241
2535	-294	-204
2720	1989	-665
755	1566	-777
-222	852	-445
-875	431	-176
-1180	463	93
-890	373	124
-490	621	-12
550	1205	166
1942	1368	-1236
1551	1127	257
745	99	-82
476	-362	80
456	-692	280
434	-1113	244
659	-1043	149
1281	-595	-94
3244	-7	-693
4225	2517	-818
358	1583	-641
-505	944	-427
-974	502	-120
-1232	416	66
-908	462	44
-315	717	182
1499	1370	-34
3620	2692	-353
3089	1709	381
1291	386	147
538	-289	236
470	-467	481
491	-863	562
453	-1135	492
925	-567	350
3109	-116	265
3914	2581	31
1984	1588	-495
440	1178	-476
-809	340	-64
-907	432	39
-763	341	-58
-424	602	21
669	874	-106
2750	2503	-661
3625	2483	-229
2096	844	-160
681	-103	65
493	-939	278
458	-1392	251
723	-874	103
1944	-495	-398
4753	1891	-828
3439	2396	-566
976	1809	-809
-245	1195	-470
-816	686	-346
-1242	368	33
-858	636	10
-138	732	28
2488	2398	-263
4619	2845	-352
2591	1088	58
836	-63	4
417	-584	231
568	-818	405
618	-1013	195
1860	-477	-87
4229	1758	-597
3003	2417	-513
1194	1713	-698
-18	1036	-401
-597	409	-233
-931	310	-63
-967	337	173
-320	701	108
1673	1674	-123
4350	3168	-444
2788	1401	64
985	59	-140
238	-504	-11
357	-789	281
595	-1296	267
598	-1261	185
3152	-265	-541
4313	2435	-680
2242	1813	-614
478	1337	-623
-285	849	-305
-920	731	-176
-1169	635	19
-964	621	36
-512	726	184
2734	2782	18
3376	2384	-32
1972	1061	224
1006	-74	160
978	-691	168
766	-1260	427
550	-1246	407
762	-722	368
2126	-122	323
2425	2164	-257
697	1569	-588
-12	767	-445
-609	392	-307
-1055	439	-120
-1022	370	-26
-832	586	3
49	932	95
2386	2694	-414
2224	1107	82
968	-76	36
649	-449	452
601	-861	451
454	-1084	355
816	-542	366
2210	-285	0
4131	2023	-465
3090	2190	-294
178	952	-544
-474	648	-502
-1061	770	-287
-1297	651	-50
-990	744	-155
-540	785	96
839	1065	102
2926	3238	-959
4612	2595	-971
900	-459	31
859	-742	270
677	-1250	296
696	-1111	190
1138	-535	-73
2999	95	-546
4057	2598	-749
2288	1950	-739
589	1506	-574
-774	480	-105
-1096	410	143
-966	418	232
-691	605	167
326	996	-107
2367	2540	-356
3792	2627	-310
2352	1064	78
1061	-83	-137
545	-818	407
468	-1182	423
671	-891	337
1432	-316	92
3378	1006	-221
3301	2516	-318
1609	1681	-536
521	1090	-463
-45	585	-306
-793	467	-105
-821	439	-105
-687	641	-22
284	845	-34
2750	2428	-296
3938	2216	60
1893	636	252
829	-269	131
473	-564	390
197	-1032	185
515	-727	91
2197	-297	-213
3986	2003	-399
2480	1718	-367
1046	1256	-557
260	727	-312
-230	413	-212
-637	484	-140
-904	631	-58
-164	857	26
1933	2030	-92
4055	2610	-263
2477	1058	255
1064	-148	-18
556	-639	295
421	-909	399
384	-1000	307
1502	-347	88
3812	858	-244
3693	2426	-419
1748	1631	-666
392	1057	-489
-352	599	-287
-913	548	-170
-1239	513	86
-1006	554	-21
1160	1234	-33
3659	2686	-631
3487	1681	113
1559	364	-78
622	-427	61
562	-634	383
553	-707	415
556	-819	281
848	-469	151
3790	1929	-486
2576	1758	-523
1057	1310	-570
135	721	-362
-497	423	-197
-802	274	-43
-857	256	84
-731	548	87
-100	843	117
3322	2730	-133
2623	1423	-157
1140	76	-215
724	-537	38
664	-727	242
676	-1040	319
538	-926	379
890	-533	68
2811	180	-511
2239	1917	-513
812	1296	-683
-11	828	-331
-413	446	-233
-717	458	-137
-915	436	-51
-726	562	110
95	544	161
2134	2013	-210
2378	1010	-6
1300	-80	22
768	-484	379
545	-875	478
581	-1244	242
796	-748	-14
1973	-418	-534
3753	2032	-1023
2714	1875	-515
268	970	-403
-46	457	-219
-409	404	-56
-713	411	240
-702	309	214
-557	334	300
380	181	2
2573	2380	120
3473	2352	250
904	-34	104
498	-345	149
606	-689	229
771	-1084	300
615	-888	113
1755	-787	-300
3919	1916	-981
2811	1951	-394
1229	1282	-678
-122	578	-337
-560	367	-71
-787	212	208
-658	207	291
-301	135	167
970	838	290
2713	2348	-84
3245	2019	41
1583	788	240
684	-117	211
896	-275	312
826	-569	253
824	-630	-23
1325	-333	-183
2569	54	-340
3115	1702	-704
2112	1309	-787
847	1082	-843
-415	424	-288
-735	445	-54
-702	575	219
-396	611	387
-20	914	237
1903	2355	389
2857	2603	398
2570	1572	286
1289	538	137
466	-469	147
490	-1106	86
649	-944	102
1430	-379	93
2924	998	-669
2918	2491	-728
1708	1863	-940
535	1240	-806
-263	711	-455
-893	361	-26
-732	625	144
-284	899	276
818	1519	34
2904	2745	-332
2834	1768	-46
1214	613	48
511	-50	33
352	-375	365
585	-874	188
1235	-395	165
2728	647	-254
3193	2619	-587
1677	1669	-672
534	1094	-682
-69	514	-405
-529	312	-189
-816	285	-96
-416	683	218
909	1047	-128
3176	2516	-196
3094	1791	142
1516	520	95
529	-147	50
207	-471	154
284	-709	221
351	-910	148
1778	-395	-117
3711	1260	-383
3071	2078	-481
1127	1458	-515
138	938	-316
-330	420	-131
-642	310	-95
-679	324	41
-635	393	-26
1273	1069	-142
3428	2576	-274
2892	1661	267
1246	85	-57
625	-667	35
424	-797	615
479	-973	538
490	-808	242
1721	-477	-12
2784	2016	-129
1363	1170	-608
477	719	-463
-109	535	-254
-719	493	-59
-972	514	59
-808	621	-29
-211	885	119
1768	1324	-232
2613	1305	93
1181	206	-102
493	-308	-37
269	-636	167
307	-1100	281
431	-1204	123
951	-834	-97
3352	10	-652
4338	2763	-809
253	1282	-613
-466	732	-325
-870	437	-142
-887	500	55
-735	500	5
-234	706	134
2338	1381	-238
3704	2458	-57
2563	1302	450
315	-528	63
364	-821	94
533	-1099	215
664	-1167	295
1282	-596	65
3111	313	-289
3605	2537	-318
1698	1547	-536
577	1093	-589
-563	338	-142
-809	416	32
-798	418	-10
-487	687	154
1030	1041	-243
3348	2812	-312
3078	1662	364
1316	146	-25
549	-450	-60
208	-995	215
295	-1102	99
823	-655	20
2907	-105	-558
4036	2415	-832
2179	1576	-585
617	1162	-580
42	594	-228
-490	368	-163
-920	441	97
-539	824	93
1225	1288	-347
3625	2354	-753
2974	1464	132
1251	-35	-360
702	-898	-424
342	-946	90
316	-1085	302
1030	-593	-154
3203	-104	-779
4123	2345	-946
2247	1486	-493
557	1158	-560
-104	772	-500
-616	607	-234
-967	580	19
-791	559	24
1155	898	-143
3813	2290	-251
3706	1599	100
1575	179	-285
438	-527	-132
50	-805	145
81	-964	343
280	-1219	157
539	-863	164
4438	1462	-1204
2862	2048	-461
1001	1143	-725
-102	803	-356
-607	427	-115
-829	499	-46
-761	456	70
-541	579	155
854	878	7
3497	1892	19
1592	465	-62
681	-292	-125
362	-526	166
371	-801	378
420	-1300	200
652	-1073	55
1851	-598	-244
4063	1113	-862
1154	1245	-600
82	805	-319
-383	443	-135
-689	633	-111
-761	579	-2
-628	600	27
388	719	-50
3132	1941	-381
3911	1914	172
559	-195	104
140	-496	78
165	-629	176
228	-1031	107
389	-1110	96
1035	-809	-153
3499	-115	-662
3911	1950	-374
1713	1121	-251
319	841	-249
-344	505	-28
-675	501	-67
-665	517	31
-588	570	-6
102	849	182
2335	1410	-247
3942	2097	276
2223	871	271
906	-134	-73
273	-676	99
309	-865	256
505	-990	232
1204	-647	-47
3234	-94	-268
3659	2052	-417
1992	1253	-419
514	1046	-530
-189	651	-310
-687	291	39
-797	431	-43
-479	735	85
1032	1339	-312
3245	2224	-389
3224	1428	-104
1556	121	-35
839	-530	47
706	-719	327
602	-1201	318
1006	-676	-17
2835	-15	-321
4022	2057	-555
2136	1391	-674
498	1000	-684
-133	678	-382
-636	616	-298
-988	731	-5
-383	729	245
397	204	-811
4045	2532	-65
3026	1693	662
1212	331	185
704	-359	-1
487	-803	218
229	-1250	356
443	-1195	307
3007	-94	-16
4375	2582	-1
2295	1656	-262
617	1296	-418
-149	755	-352
-589	512	-293
-1035	484	-212
-951	435	-124
-690	662	38
388	1048	84
3253	3303	75
4311	2374	598
1774	436	-12
566	-443	-56
239	-841	116
311	-1039	315
312	-1204	347
676	-808	335
2105	-391	217
2600	2073	-107
998	1330	-502
74	726	-380
-513	355	-244
-880	319	-71
-714	326	142
-460	666	93
-43	1050	247
2121	1950	-90
2704	1782	107
1127	233	-352
796	-609	-254
630	-1004	308
645	-1419	397
677	-1092	328
1026	-655	0
3612	111	-515
4275	2858	-690
374	1362	-668
-427	822	-402
-940	588	-171
-1085	628	93
-881	653	146
-499	919	166
1701	1651	-143
4178	3048	-435
3032	1585	32
428	-693	-342
322	-901	25
448	-1215	385
600	-1056	539
1219	-486	184
3114	103	-550
4032	2529	-539
2091	1646	-582
765	1266	-727
-589	381	-352
-826	465	-283
-824	488	-105
-642	717	11
393	910	179
2663	2183	-123
3828	2384	-77
2178	914	149
799	-259	-137
469	-874	391
404	-1247	338
620	-893	259
1691	-391	8
3803	747	-223
3160	2136	-386
1311	1396	-589
151	876	-427
-366	435	-254
-891	463	-50
-681	668	12
352	991	-33
2729	2094	-336
3638	2142	-63
2082	733	96
902	-483	-89
535	-829	125
505	-930	375
600	-731	213
1607	-419	-39
4016	1132	-662
3187	2096	-321
1390	1363	-734
234	750	-415
-183	360	-185
-583	496	-138
-805	573	34
-441	923	66
1536	1393	-314
4088	2450	-565
3035	1251	-10
1083	-14	-132
461	-529	-90
367	-702	156
357	-1086	306
270	-1324	212
3625	24	-495
4461	2901	-594
1862	1658	-689
350	1251	-523
-245	646	-239
-812	455	-135
-1108	500	51
-939	540	-72
-564	861	6
3952	2790	-615
3421	1637	7
1235	81	6
483	-541	30
410	-824	271
371	-1205	263
466	-1109	155
961	-1338	240
2962	-277	-374
2112	1616	-638
702	1387	-622
-17	863	-382
-491	547	-263
-887	605	-42
-886	525	9
-564	757	144
1116	1080	52
3776	1776	-456
1275	181	138
634	-437	37
279	-526	64
93	-802	48
150	-1103	74
530	-861	151
2170	-534	-683
4241	1320	-875
2886	1726	-459
174	710	-280
-279	417	-205
-659	536	-201
-914	524	-24
-790	773	-120
53	1020	134
2453	1630	-489
4080	2162	-115
2464	846	90
347	-597	-3
56	-888	165
184	-1160	254
442	-946	164
1445	-649	-200
3899	583	-715
