A_X [mg] A_Y [mg] A_Z [mg]
56 	 823 	 -591
-803 	 1663 	 -602
-745 	 1325 	 -17
529 	 557 	 487
627 	 495 	 548
273 	 812 	 255
191 	 805 	 -33
-175 	 1478 	 -175
-418 	 1665 	 540
136 	 1151 	 964
-129 	 1663 	 -200
81 	 1573 	 -799
497 	 1460 	 412
330 	 1095 	 -230
179 	 468 	 -302
-161 	 311 	 -258
109 	 167 	 -369
104 	 3 	 -40
993 	 761 	 1024
1212 	 1736 	 1323
945 	 1301 	 375
725 	 1004 	 -487
252 	 719 	 -647
-173 	 1326 	 -313
-730 	 1563 	 -258
-312 	 1088 	 -194
240 	 602 	 375
342 	 663 	 391
368 	 677 	 286
192 	 721 	 -56
-199 	 1356 	 -37
-462 	 1713 	 518
138 	 1262 	 772
2 	 1641 	 -314
469 	 1565 	 -688
446 	 1384 	 450
101 	 883 	 -253
87 	 402 	 -344
-130 	 311 	 -245
108 	 230 	 -348
261 	 59 	 297
1205 	 1073 	 1134
777 	 1295 	 751
835 	 622 	 -353
1015 	 1470 	 -414
-170 	 1373 	 -352
-479 	 1058 	 -406
-696 	 1361 	 -302
-246 	 887 	 -15
580 	 706 	 495
413 	 681 	 345
227 	 893 	 -111
-410 	 1705 	 126
-219 	 1380 	 867
307 	 1079 	 562
-32 	 1407 	 400
263 	 1496 	 -879
326 	 1540 	 -59
87 	 1596 	 365
235 	 709 	 -463
9 	 388 	 -247
68 	 247 	 -346
119 	 13 	 11
867 	 271 	 749
1109 	 1466 	 939
832 	 1259 	 392
1133 	 939 	 -320
343 	 1008 	 -336
-239 	 1144 	 -406
-633 	 1432 	 -386
-447 	 1174 	 -77
267 	 662 	 300
592 	 719 	 403
333 	 640 	 310
126 	 875 	 -99
-376 	 1684 	 -221
-113 	 1445 	 1043
156 	 1091 	 844
-12 	 1501 	 157
-78 	 1729 	 -820
233 	 1497 	 -346
510 	 1428 	 298
238 	 853 	 -367
-191 	 413 	 -296
-86 	 224 	 -456
203 	 1 	 -224
824 	 264 	 685
1273 	 1607 	 1121
639 	 782 	 413
894 	 1096 	 -299
384 	 1488 	 -447
-211 	 924 	 -511
-593 	 1273 	 -415
-613 	 1108 	 -10
365 	 784 	 445
682 	 699 	 420
339 	 745 	 298
58 	 1002 	 -200
-337 	 1535 	 -105
-89 	 1342 	 1023
204 	 1108 	 875
-143 	 1529 	 29
8 	 1602 	 -872
591 	 1427 	 -410
456 	 1355 	 378
237 	 767 	 -221
71 	 482 	 -261
-130 	 305 	 -299
119 	 217 	 -261
233 	 96 	 216
1154 	 1035 	 1163
883 	 1229 	 946
872 	 1059 	 -126
667 	 1227 	 -422
43 	 840 	 -383
-355 	 1159 	 -157
-525 	 1264 	 -289
-106 	 929 	 75
365 	 710 	 337
440 	 715 	 364
174 	 646 	 246
-1 	 1161 	 -332
-350 	 1712 	 10
-23 	 1325 	 1452
105 	 1318 	 664
170 	 1463 	 -212
191 	 1571 	 -739
507 	 1547 	 57
571 	 1022 	 140
81 	 617 	 -292
-287 	 395 	 -248
-60 	 163 	 -253
187 	 -128 	 219
1062 	 461 	 976
1034 	 1545 	 983
406 	 656 	 339
1049 	 1343 	 -385
162 	 1118 	 -389
-413 	 1020 	 -501
-513 	 1335 	 -335
-186 	 815 	 240
536 	 730 	 492
356 	 681 	 319
286 	 827 	 -78
-290 	 1452 	 -193
-323 	 1454 	 1016
230 	 1003 	 782
222 	 1158 	 217
95 	 1831 	 -389
41 	 1602 	 -738
587 	 1349 	 306
129 	 897 	 -249
-103 	 445 	 -250
6 	 250 	 -339
121 	 11 	 -197
670 	 302 	 702
1186 	 1536 	 1222
683 	 930 	 365
910 	 1179 	 -349
315 	 1198 	 -495
-142 	 886 	 -426
-614 	 1414 	 -500
-486 	 1143 	 10
422 	 683 	 528
612 	 759 	 320
282 	 637 	 242
143 	 860 	 -216
-470 	 1532 	 521
-57 	 1292 	 1168
96 	 1434 	 188
182 	 1477 	 -473
354 	 1457 	 -589
456 	 1302 	 314
133 	 1074 	 -192
23 	 637 	 -239
-93 	 392 	 -265
158 	 223 	 -291
32 	 43 	 -11
831 	 480 	 848
1051 	 1435 	 1310
663 	 1182 	 258
779 	 1285 	 -487
86 	 776 	 -448
12 	 958 	 -472
-741 	 1528 	 -341
-213 	 947 	 260
817 	 610 	 500
342 	 714 	 261
193 	 714 	 -35
-150 	 1456 	 -445
-432 	 1493 	 880
108 	 1073 	 1020
325 	 1687 	 -86
119 	 1670 	 -786
256 	 1412 	 -216
429 	 1385 	 193
-20 	 758 	 -307
-196 	 301 	 -324
146 	 87 	 -267
185 	 -77 	 52
1062 	 738 	 1058
1012 	 1544 	 1206
886 	 1217 	 -17
585 	 865 	 -608
62 	 882 	 -426
-400 	 1365 	 -372
-704 	 1408 	 -370
260 	 700 	 484
594 	 711 	 402
211 	 740 	 222
164 	 880 	 -81
-282 	 1638 	 -312
-398 	 1435 	 918
353 	 1108 	 1076
119 	 1746 	 -250
-66 	 1790 	 -896
322 	 1512 	 -237
733 	 1196 	 357
15 	 756 	 -297
-175 	 358 	 -185
82 	 261 	 -351
227 	 -110 	 91
948 	 491 	 944
1036 	 1549 	 988
1088 	 1415 	 86
256 	 991 	 -513
-148 	 622 	 -447
-421 	 1399 	 -569
-622 	 1273 	 30
638 	 589 	 578
485 	 771 	 221
148 	 627 	 166
102 	 1076 	 -309
-394 	 1647 	 254
-183 	 1191 	 1462
367 	 1589 	 94
61 	 1714 	 -582
264 	 1466 	 -452
541 	 1569 	 281
226 	 1055 	 -187
-9 	 430 	 -172
-182 	 290 	 -378
188 	 133 	 -293
175 	 -4 	 27
972 	 618 	 903
1135 	 1439 	 1163
800 	 1056 	 90
721 	 1142 	 -604
-38 	 984 	 -273
-601 	 1339 	 -328
-603 	 1230 	 -419
178 	 660 	 468
731 	 709 	 508
472 	 848 	 429
141 	 667 	 300
46 	 1129 	 -282
-389 	 1673 	 -28
139 	 1172 	 1667
210 	 1698 	 -19
-44 	 1770 	 -880
218 	 1526 	 -569
709 	 1254 	 175
471 	 951 	 27
-138 	 476 	 -108
-164 	 220 	 -312
213 	 115 	 -170
229 	 -45 	 169
1059 	 699 	 999
997 	 1516 	 1120
705 	 896 	 44
658 	 1253 	 -486
-71 	 940 	 -168
-355 	 1352 	 -578
-620 	 1309 	 -359
220 	 696 	 536
594 	 737 	 395
188 	 672 	 288
25 	 1029 	 -318
-313 	 1590 	 257
-118 	 1147 	 1350
398 	 1362 	 235
102 	 1845 	 -591
191 	 1488 	 -746
654 	 1310 	 466
323 	 1057 	 16
-202 	 664 	 -363
-44 	 247 	 -193
236 	 194 	 -350
262 	 21 	 268
1233 	 862 	 1028
1226 	 1606 	 1020
788 	 1298 	 -147
176 	 759 	 -617
-1 	 831 	 -564
-632 	 1654 	 -586
-475 	 1108 	 261
702 	 527 	 565
430 	 756 	 213
108 	 610 	 74
-1 	 1117 	 -232
-430 	 1529 	 469
-94 	 1304 	 987
323 	 1539 	 257
11 	 1714 	 -559
403 	 1457 	 -362
528 	 1280 	 199
139 	 1020 	 -271
-147 	 491 	 -247
-6 	 296 	 -367
254 	 180 	 -212
292 	 -79 	 86
1029 	 507 	 737
1003 	 1425 	 1193
598 	 1121 	 304
618 	 1423 	 -612
-97 	 786 	 -399
-311 	 1346 	 -541
-534 	 1208 	 -210
83 	 744 	 454
534 	 682 	 416
333 	 720 	 137
139 	 788 	 -38
-254 	 1499 	 -133
-374 	 1379 	 862
171 	 1291 	 860
-4 	 1738 	 -499
329 	 1539 	 -688
716 	 1243 	 211
309 	 1068 	 100
-136 	 676 	 -222
-75 	 259 	 -352
198 	 162 	 -273
214 	 15 	 214
1143 	 899 	 1019
765 	 1388 	 1198
703 	 1079 	 213
823 	 1319 	 -517
280 	 838 	 -527
-266 	 1105 	 -354
-622 	 1457 	 -538
-346 	 1069 	 36
384 	 615 	 598
573 	 737 	 303
151 	 670 	 83
58 	 1052 	 -215
-414 	 1684 	 -18
-100 	 1308 	 1223
229 	 1236 	 601
-36 	 1657 	 -598
-7 	 1580 	 -435
537 	 1405 	 234
385 	 1010 	 -168
-71 	 406 	 -206
-86 	 179 	 -338
196 	 132 	 -255
361 	 126 	 155
1127 	 782 	 1069
955 	 1412 	 1112
840 	 1007 	 -42
707 	 1429 	 -711
-153 	 871 	 -538
-935 	 1628 	 -619
-417 	 997 	 70
705 	 571 	 743
721 	 755 	 449
268 	 617 	 390
-76 	 1068 	 -100
-378 	 1598 	 -77
75 	 1178 	 1382
194 	 1215 	 538
-123 	 1870 	 -863
261 	 1585 	 -397
606 	 1207 	 274
73 	 822 	 -380
-247 	 250 	 -189
9 	 80 	 -447
231 	 8 	 -137
701 	 431 	 623
1284 	 1535 	 1392
992 	 1273 	 528
845 	 1095 	 -371
266 	 1188 	 -824
-314 	 1098 	 -647
-823 	 1662 	 -746
-559 	 1034 	 32
368 	 559 	 839
684 	 784 	 299
400 	 689 	 98
292 	 911 	 -110
-477 	 1688 	 495
-344 	 1237 	 974
100 	 1343 	 506
-31 	 1786 	 -829
501 	 1417 	 -11
317 	 1357 	 286
-118 	 776 	 -400
-183 	 221 	 -318
159 	 98 	 -565
336 	 45 	 96
1157 	 861 	 908
998 	 1713 	 1092
687 	 1139 	 499
828 	 1187 	 -459
101 	 893 	 -695
-603 	 1368 	 -173
-501 	 1313 	 -120
318 	 513 	 328
512 	 654 	 359
273 	 656 	 81
306 	 1041 	 -188
-292 	 1622 	 600
-409 	 1372 	 1574
183 	 830 	 490
131 	 1434 	 -896
8 	 1776 	 -104
454 	 1455 	 469
213 	 1094 	 -481
-187 	 297 	 -341
248 	 11 	 -331
234 	 -320 	 -112
1044 	 1158 	 1089
627 	 1333 	 940
730 	 819 	 -403
892 	 1669 	 -513
-281 	 1178 	 -354
-409 	 1422 	 -264
-33 	 765 	 303
469 	 637 	 505
261 	 524 	 169
219 	 998 	 -254
-610 	 1762 	 397
-157 	 1198 	 1253
215 	 1537 	 35
147 	 1698 	 -846
568 	 1517 	 175
456 	 1121 	 131
-198 	 653 	 -375
-258 	 298 	 -336
275 	 -35 	 -419
523 	 10 	 465
1287 	 1209 	 1290
1013 	 1548 	 1004
440 	 437 	 53
907 	 1252 	 -705
238 	 1822 	 -168
-251 	 872 	 -494
-324 	 1167 	 -680
-467 	 1063 	 82
411 	 718 	 511
613 	 628 	 286
199 	 719 	 -40
-167 	 1449 	 -118
-661 	 1349 	 786
340 	 1222 	 746
210 	 1851 	 -611
190 	 1592 	 -418
576 	 1543 	 578
159 	 1014 	 -388
-305 	 410 	 -355
112 	 69 	 -444
314 	 -71 	 -241
762 	 519 	 980
1150 	 1638 	 1313
428 	 444 	 324
899 	 1094 	 -410
583 	 1513 	 -454
-131 	 837 	 -485
-698 	 1530 	 -555
-497 	 1083 	 6
287 	 657 	 483
656 	 676 	 521
249 	 613 	 249
142 	 1065 	 -485
-357 	 1666 	 125
-169 	 1081 	 1647
340 	 1174 	 133
168 	 1977 	 -1047
27 	 1624 	 -68
797 	 1181 	 301
-252 	 691 	 -634
-92 	 214 	 -324
220 	 -316 	 -378
699 	 74 	 675
1320 	 1531 	 1257
518 	 824 	 193
1059 	 1331 	 -383
248 	 1537 	 -425
-193 	 782 	 -646
-535 	 1464 	 -663
-685 	 1343 	 75
144 	 681 	 636
543 	 635 	 405
457 	 658 	 7
-6 	 1360 	 -215
-617 	 1658 	 980
35 	 1041 	 931
284 	 1681 	 -659
109 	 1579 	 -483
736 	 1376 	 399
535 	 1024 	 71
-135 	 900 	 -401
-119 	 343 	 -253
185 	 52 	 -308
236 	 40 	 252
1075 	 1205 	 1332
1061 	 1434 	 971
830 	 1033 	 -279
359 	 1009 	 -761
-206 	 1029 	 -641
-708 	 1552 	 -174
-483 	 1039 	 13
237 	 592 	 329
441 	 835 	 296
329 	 662 	 172
166 	 1070 	 -180
-375 	 1706 	 279
-248 	 1283 	 1272
-23 	 1562 	 522
307 	 1524 	 -686
515 	 1294 	 -478
359 	 1087 	 442
166 	 904 	 -168
-113 	 504 	 -312
64 	 248 	 -192
134 	 155 	 -166
850 	 751 	 1089
1130 	 1523 	 1238
928 	 997 	 -150
580 	 1158 	 -603
-82 	 760 	 -607
-671 	 1476 	 -587
-764 	 1338 	 -192
148 	 541 	 587
718 	 709 	 422
360 	 698 	 122
189 	 1145 	 -310
-438 	 1586 	 597
-184 	 1333 	 1114
217 	 1613 	 -246
295 	 1453 	 -614
512 	 1167 	 243
203 	 933 	 -241
-167 	 633 	 -152
-82 	 331 	 -299
214 	 283 	 -319
294 	 252 	 100
1194 	 1359 	 1431
713 	 1087 	 865
730 	 1149 	 -325
283 	 1161 	 -554
52 	 633 	 -529
-586 	 1577 	 -615
-357 	 985 	 164
578 	 626 	 554
497 	 800 	 151
238 	 590 	 -29
126 	 1096 	 -177
-445 	 1572 	 610
-227 	 1232 	 921
459 	 1408 	 131
184 	 1765 	 -577
334 	 1358 	 -325
647 	 976 	 296
125 	 736 	 -488
-330 	 604 	 -281
137 	 339 	 -176
371 	 332 	 8
1166 	 1295 	 1511
1002 	 1225 	 902
869 	 1053 	 17
342 	 979 	 -546
127 	 644 	 -737
-699 	 1722 	 -653
-412 	 935 	 425
674 	 599 	 565
452 	 751 	 113
229 	 669 	 -109
-77 	 1294 	 26
-492 	 1439 	 796
82 	 1303 	 658
284 	 1588 	 -25
386 	 1464 	 -688
531 	 1247 	 242
341 	 931 	 58
-243 	 636 	 -587
-57 	 388 	 -86
161 	 178 	 -378
579 	 469 	 466
1134 	 1529 	 1498
687 	 872 	 493
739 	 1196 	 -305
108 	 863 	 -696
-46 	 962 	 -679
-810 	 1666 	 -439
136 	 680 	 591
714 	 684 	 328
316 	 679 	 69
126 	 919 	 -197
-119 	 1464 	 123
-353 	 1376 	 983
121 	 1387 	 578
239 	 1590 	 -386
389 	 1431 	 -378
514 	 1133 	 263
138 	 813 	 -227
-179 	 554 	 -416
56 	 264 	 -277
152 	 301 	 -270
639 	 544 	 678
1273 	 1487 	 1244
679 	 758 	 469
1017 	 1060 	 -231
403 	 1115 	 -508
3 	 1028 	 -428
-746 	 1614 	 -345
-242 	 754 	 39
522 	 704 	 429
427 	 822 	 290
251 	 740 	 198
73 	 990 	 9
-111 	 1477 	 317
-283 	 1437 	 1346
73 	 1556 	 -143
211 	 1617 	 -711
503 	 1346 	 71
459 	 942 	 -164
-163 	 636 	 -294
-134 	 419 	 -283
182 	 190 	 -415
564 	 305 	 537
1304 	 1476 	 1394
915 	 1110 	 427
456 	 1167 	 -423
286 	 670 	 -758
-602 	 1496 	 -526
-539 	 1295 	 -10
778 	 447 	 466
533 	 770 	 412
193 	 605 	 22
189 	 1205 	 -327
-290 	 1529 	 339
-320 	 1352 	 1355
141 	 1363 	 518
198 	 1692 	 -563
333 	 1468 	 -455
470 	 1079 	 402
38 	 781 	 -421
22 	 368 	 -422
132 	 126 	 -287
850 	 711 	 737
1177 	 1396 	 1362
948 	 1074 	 109
450 	 1041 	 -575
98 	 772 	 -662
-551 	 1534 	 -556
-648 	 1291 	 -270
595 	 544 	 575
580 	 771 	 345
198 	 704 	 32
-107 	 1279 	 -91
-373 	 1407 	 889
17 	 1304 	 802
268 	 1426 	 171
224 	 1567 	 -290
271 	 1519 	 -432
570 	 1201 	 133
426 	 1009 	 176
-79 	 718 	 -373
-218 	 505 	 -141
-55 	 316 	 -369
291 	 241 	 -236
333 	 214 	 158
1157 	 1035 	 1199
1135 	 1475 	 1389
557 	 433 	 -80
769 	 1432 	 -434
-124 	 1169 	 -474
-611 	 1546 	 -625
-31 	 914 	 292
617 	 659 	 419
180 	 566 	 -48
220 	 939 	 -166
-274 	 1413 	 1005
-487 	 1349 	 826
123 	 1682 	 -17
357 	 1673 	 -484
444 	 1327 	 -446
627 	 1301 	 332
234 	 976 	 -80
-159 	 708 	 -514
-12 	 273 	 -171
180 	 96 	 -407
497 	 518 	 399
1049 	 1615 	 1330
720 	 726 	 653
742 	 1104 	 48
410 	 741 	 -599
-506 	 1362 	 -101
-306 	 1666 	 19
336 	 749 	 105
257 	 799 	 249
351 	 591 	 120
77 	 721 	 176
-61 	 973 	 193
108 	 1099 	 364
104 	 877 	 346
323 	 874 	 607
453 	 1677 	 -272
632 	 1818 	 -302
210 	 1832 	 -1
49 	 1132 	 -308
124 	 289 	 -276
136 	 32 	 -425
40 	 -158 	 117
1274 	 1085 	 1249
1194 	 1447 	 1045
949 	 900 	 -63
540 	 1049 	 -494
268 	 759 	 -555
-230 	 1419 	 -697
-974 	 1447 	 -512
-76 	 622 	 701
515 	 805 	 442
374 	 820 	 209
286 	 831 	 -6
-159 	 1637 	 -120
-454 	 1435 	 1366
115 	 1348 	 721
418 	 1685 	 -353
443 	 1512 	 -851
519 	 1292 	 -240
84 	 812 	 -146
-286 	 404 	 -341
0 	 330 	 -291
78 	 53 	 -265
1020 	 886 	 1167
1149 	 1477 	 1173
798 	 673 	 -297
706 	 1391 	 -685
38 	 803 	 -599
-453 	 1338 	 -741
-863 	 1364 	 -363
187 	 606 	 713
631 	 776 	 245
261 	 697 	 3
45 	 1257 	 -163
-607 	 1675 	 635
-2 	 1177 	 984
221 	 1462 	 91
195 	 1638 	 -547
394 	 1404 	 -570
523 	 1093 	 142
98 	 818 	 -197
-289 	 390 	 -302
2 	 259 	 -358
245 	 158 	 11
1287 	 1458 	 1438
861 	 1063 	 874
600 	 732 	 -419
117 	 916 	 -535
-548 	 1359 	 -689
-690 	 1412 	 -251
306 	 538 	 562
593 	 822 	 288
199 	 701 	 123
-14 	 1218 	 -292
-420 	 1498 	 1020
40 	 1318 	 790
325 	 1595 	 -364
502 	 1480 	 -542
554 	 1213 	 138
139 	 950 	 -30
-170 	 637 	 -243
-181 	 310 	 -361
130 	 146 	 -292
524 	 315 	 589
1444 	 1614 	 1591
710 	 863 	 596
856 	 1188 	 -608
175 	 1050 	 -474
-252 	 1030 	 -653
-805 	 1715 	 -594
-288 	 854 	 286
664 	 588 	 577
563 	 759 	 301
238 	 720 	 -103
-292 	 1519 	 98
-455 	 1458 	 1207
208 	 1372 	 315
251 	 1602 	 -409
537 	 1414 	 -392
361 	 1108 	 256
0 	 880 	 -200
-208 	 545 	 -180
-145 	 326 	 -425
78 	 203 	 -343
489 	 345 	 249
1315 	 1487 	 1535
751 	 988 	 545
810 	 1110 	 -494
151 	 931 	 -587
-424 	 1322 	 -382
-642 	 1448 	 -407
246 	 647 	 287
605 	 692 	 450
258 	 692 	 -3
67 	 1140 	 -120
-514 	 1539 	 732
-100 	 1252 	 866
261 	 1570 	 -101
340 	 1588 	 -594
525 	 1288 	 110
146 	 1083 	 -160
-140 	 708 	 -325
-216 	 330 	 -336
80 	 208 	 -470
181 	 135 	 -191
863 	 805 	 829
1285 	 1677 	 1367
537 	 501 	 347
747 	 1180 	 -288
136 	 1055 	 -628
-155 	 944 	 -490
-641 	 1543 	 -477
37 	 731 	 291
606 	 679 	 578
482 	 774 	 260
205 	 692 	 78
47 	 1096 	 -253
-417 	 1574 	 745
-174 	 1271 	 952
375 	 1535 	 -75
233 	 1588 	 -538
603 	 1225 	 -17
183 	 1057 	 68
-198 	 655 	 -385
-167 	 215 	 -368
217 	 223 	 -366
244 	 118 	 56
1199 	 1407 	 1240
994 	 1108 	 959
857 	 900 	 -410
373 	 1211 	 -566
-250 	 963 	 -615
-685 	 1634 	 -504
-101 	 734 	 295
710 	 703 	 467
440 	 728 	 177
112 	 743 	 44
-197 	 1362 	 -158
-454 	 1547 	 945
151 	 1267 	 735
282 	 1534 	 -273
190 	 1540 	 -446
532 	 1201 	 133
197 	 917 	 -97
-174 	 547 	 -345
-112 	 275 	 -386
245 	 218 	 -267
303 	 213 	 179
1299 	 1109 	 1378
961 	 1413 	 1165
841 	 987 	 -230
355 	 1002 	 -634
-56 	 773 	 -536
-690 	 1600 	 -490
-245 	 1018 	 38
639 	 560 	 487
407 	 755 	 135
224 	 645 	 -1
128 	 1115 	 -197
-162 	 1502 	 399
-544 	 1446 	 1149
65 	 1237 	 616
182 	 1572 	 -175
301 	 1602 	 -570
532 	 1194 	 192
185 	 1006 	 -154
-142 	 701 	 -459
-205 	 294 	 -317
196 	 232 	 -421
236 	 194 	 -95
1065 	 984 	 1102
1185 	 1680 	 1492
543 	 740 	 401
768 	 1228 	 -330
97 	 940 	 -665
-107 	 932 	 -608
-691 	 1632 	 -503
48 	 709 	 460
664 	 716 	 385
281 	 667 	 30
70 	 957 	 -184
-180 	 1427 	 145
-549 	 1461 	 1068
2 	 1251 	 691
359 	 1441 	 112
231 	 1703 	 -515
569 	 1269 	 -30
169 	 1070 	 18
-200 	 594 	 -487
9 	 206 	 -332
292 	 269 	 -275
560 	 358 	 506
1443 	 1472 	 1417
933 	 1343 	 1023
799 	 816 	 65
506 	 1143 	 -554
-88 	 850 	 -664
-761 	 1727 	 -542
-501 	 1219 	 -107
651 	 522 	 381
567 	 746 	 370
176 	 717 	 60
-15 	 1117 	 -189
-210 	 1403 	 125
-417 	 1349 	 1034
94 	 1283 	 768
92 	 1538 	 -41
216 	 1574 	 -636
498 	 1300 	 136
92 	 1040 	 -108
-193 	 588 	 -282
-72 	 229 	 -369
304 	 250 	 -364
462 	 370 	 416
1528 	 1296 	 1356
945 	 1482 	 1137
994 	 1006 	 244
791 	 1534 	 -530
36 	 609 	 -732
-867 	 1543 	 -672
-953 	 1357 	 -276
1175 	 472 	 558
623 	 755 	 673
-97 	 891 	 -277
-121 	 1411 	 -480
-273 	 1555 	 633
182 	 1250 	 332
-100 	 1092 	 252
-26 	 1481 	 499
261 	 1565 	 -233
591 	 1172 	 -808
471 	 724 	 10
154 	 744 	 517
-62 	 501 	 -365
-45 	 158 	 -99
69 	 322 	 -3
345 	 478 	 535
839 	 1398 	 1317
693 	 1269 	 866
917 	 544 	 54
1014 	 1255 	 -484
410 	 734 	 -511
-31 	 1002 	 -498
-849 	 1570 	 -980
-325 	 835 	 364
566 	 869 	 573
568 	 766 	 43
184 	 887 	 -49
-237 	 1481 	 -140
-575 	 1488 	 805
170 	 1151 	 824
164 	 1561 	 15
404 	 1501 	 -676
486 	 1227 	 -44
251 	 1015 	 89
-172 	 624 	 -333
-128 	 296 	 -388
239 	 172 	 -248
380 	 303 	 440
1341 	 1433 	 1542
855 	 1437 	 1106
709 	 547 	 -180
806 	 1326 	 -671
309 	 1031 	 -633
-293 	 1246 	 -660
-831 	 1489 	 -475
131 	 646 	 425
750 	 780 	 404
241 	 719 	 65
55 	 1079 	 -122
-542 	 1650 	 372
-464 	 1360 	 1243
203 	 1343 	 452
270 	 1589 	 -23
394 	 1526 	 -564
516 	 1361 	 -397
494 	 1143 	 85
39 	 789 	 -114
-271 	 450 	 -301
145 	 275 	 -365
273 	 175 	 10
999 	 841 	 1058
1068 	 1513 	 1534
530 	 713 	 131
864 	 1149 	 -522
208 	 1067 	 -672
15 	 855 	 -354
-596 	 1551 	 -616