A_X [mg]	A_Y [mg]	A_Z [mg]
9	914	-379
-475	555	-210
-943	421	-77
-889	443	4
-920	537	37
-340	749	172
1088	1220	9
2801	2256	-485
3693	2007	-210
2312	910	-142
982	-86	-346
544	-709	-84
459	-804	281
590	-1153	411
570	-1046	332
778	-636	178
1806	-404	-150
3738	1264	-489
3563	2143	-525
1776	1568	-612
692	1233	-587
-32	757	-321
-507	589	-229
-928	525	-82
-1059	384	28
-876	694	41
-327	741	118
1079	1272	-190
3354	2469	-374
3890	2123	-36
2059	771	-20
910	-85	-139
489	-630	113
454	-844	438
415	-1378	446
421	-1030	251
740	-865	200
2250	-182	-145
4271	2527	-605
3290	2382	-519
1554	1502	-580
532	1302	-495
-269	532	-162
-710	480	-185
-1136	493	-11
-1083	519	40
-905	691	-102
-309	889	114
1090	1443	-277
3542	2555	-508
4101	2190	-89
2089	753	-83
767	8	-102
368	-604	175
432	-873	451
405	-1235	347
463	-1220	262
690	-796	159
2450	-228	-177
4446	1529	-340
3400	2671	-482
1494	1913	-668
299	1182	-554
-360	717	-270
-891	399	-212
-1304	449	-42
-1152	607	-33
-789	812	-53
-28	966	57
1712	1806	-495
3635	2575	-509
3407	1909	-146
1788	643	-202
810	-251	-101
652	-610	191
706	-923	448
485	-1331	383
537	-995	267
1045	-630	109
2940	312	-411
4009	1950	-589
2623	2270	-565
1244	1590	-743
313	1029	-492
-374	625	-275
-958	483	-219
-1211	494	-6
-1097	557	-122
-636	809	25
423	1195	25
2302	1993	-470
3935	2463	-186
3072	1513	-40
1312	309	-172
605	-260	-51
514	-620	-6
546	-810	234
372	-1265	305
449	-1097	358
1011	-491	256
2190	-678	-774
3799	1505	-789
3270	2710	-463
1194	1354	-791
237	1153	-430
-380	605	-265
-907	372	-212
-1049	472	-19
-957	434	-158
-661	818	-56
60	1039	13
1767	1773	-332
3562	2577	-339
3409	1831	-111
1694	682	-63
703	-56	-79
682	-568	131
743	-778	276
592	-1240	350
607	-927	422
824	-532	279
1982	-369	80
4217	1844	-248
3795	2539	-435
1528	1729	-584
435	1466	-660
-305	808	-463
-1121	710	-265
-1715	581	-74
-1551	659	-100
-936	1033	-95
-214	946	72
1494	2128	-524
3847	3314	-722
3972	2323	-16
1980	952	-18
887	-107	-28
664	-574	325
669	-769	412
491	-1261	441
586	-776	449
813	-527	345
2064	-145	-28
4377	2007	-539
3654	2736	-769
1493	2177	-968
260	1638	-885
-559	874	-516
-1141	534	-339
-1544	401	-119
-1324	578	-69
-830	853	-50
-38	1051	136
1483	2153	-370
3645	2982	-498
3667	2103	-16
1701	700	-121
834	-301	-96
807	-698	276
850	-943	468
577	-1279	453
634	-851	408
913	-570	226
2366	249	-180
4174	2222	-558
3268	2761	-710
1385	2099	-736
146	1406	-626
-617	689	-317
-1180	380	-137
-1449	398	13
-1165	570	16
-673	758	-34
207	1156	26
1961	2254	-448
3665	2709	-578
3188	1869	-129
1558	632	-62
833	-291	-8
811	-608	264
728	-899	365
596	-1214	354
772	-927	365
904	-448	334
2387	63	-214
3889	1810	-515
2914	2694	-520
1242	1604	-810
235	1019	-577
-323	563	-309
-768	287	-213
-925	472	29
-882	451	-26
-673	715	25
-50	1059	75
1517	1658	-348
3461	2500	-334
3403	1960	7
1854	684	-1
881	-119	-51
706	-615	146
613	-788	331
365	-1162	322
421	-1021	343
714	-485	293
1749	-502	-0
3667	1429	-232
3540	2357	-405
1640	1221	-564
533	1110	-423
-174	560	-269
-559	403	-215
-824	585	-2
-863	452	74
-700	751	56
-176	823	165
1345	1328	-273
3228	2418	-441
3650	2098	189
2102	838	-2
890	-130	-286
593	-690	108
522	-769	353
383	-1225	362
408	-1094	317
893	-615	248
2069	-357	28
3848	1772	-237
3333	2385	-363
1460	1546	-524
517	1346	-487
-103	653	-242
-467	493	-137
-790	467	-33
-903	407	-24
-739	670	56
-51	720	201
1520	1107	5
3082	1901	-202
3147	1676	64
1938	597	111
1014	-242	-228
666	-578	-1
429	-694	312
253	-1132	286
374	-1016	329
686	-654	269
1957	-378	-3
3846	1143	-178
3632	2148	-196
1836	1604	-361
601	1003	-487
110	628	-340
-178	448	-304
-629	550	-144
-856	496	-4
-705	542	-47
-208	795	231
1222	980	-147
2595	1567	-79
2929	1705	359
2318	816	-25
1200	-73	-193
790	-618	-127
830	-774	178
681	-952	332
636	-1249	275
596	-649	185
1587	-502	-39
3442	350	-98
3443	2096	-109
1875	1364	-308
836	864	-443
296	825	-357
-218	464	-352
-712	622	-155
-784	444	-94
-623	605	-54
-243	816	189
1196	952	-190
2637	1850	-34
3306	2065	372
2423	911	118
883	-51	-9
563	-551	59
707	-716	132
610	-954	191
301	-1255	248
456	-673	191
1109	-641	21
3003	290	-253
4009	1975	-358
2232	1657	-346
790	1191	-435
181	716	-303
-279	283	-153
-545	406	-104
-624	372	-30
-500	512	11
-310	634	44
814	839	-196
2854	1751	-328
3630	1910	98
2275	905	136
967	11	-132
520	-575	-90
416	-736	148
443	-867	347
363	-1049	234
553	-777	151
1440	-647	-74
3471	325	-516
4089	1746	-596
2343	1776	-567
871	1249	-636
68	870	-437
-449	568	-234
-769	513	-131
-860	474	32
-725	530	6
-417	609	52
500	964	-56
2615	1957	-414
3956	2123	-213
2559	1017	27
1036	38	-96
563	-537	24
457	-717	354
557	-901	473
579	-1022	365
762	-677	307
1586	-399	49
3099	621	-500
3300	1765	-557
2042	1583	-648
878	996	-711
55	694	-313
-464	491	-239
-743	493	-159
-827	504	-9
-742	568	-71
-239	738	152
776	935	-33
2278	1670	-370
3210	2175	-156
2507	1457	-177
1312	448	-194
870	-180	-69
1021	-619	87
902	-921	276
654	-1245	321
646	-751	203
1052	-496	-52
2608	11	-398
3798	2299	-724
2685	2100	-762
1022	1061	-605
143	1035	-372
-572	509	-190
-999	517	33
-1116	403	37
-894	516	-18
-283	809	294
813	999	-310
3058	2118	-447
4139	2303	34
2606	948	-163
991	145	-134
431	-465	-39
498	-811	207
509	-905	340
413	-1244	298
471	-774	324
1208	-721	224
3236	111	119
4243	2180	-43
2566	1771	-416
905	1197	-676
165	1023	-576
-410	518	-457
-794	562	-269
-855	443	-58
-656	521	-21
-354	678	120
437	783	43
1684	1435	-298
3320	2109	-203
3204	1554	-106
1583	445	-231
924	-218	-100
832	-435	98
752	-663	262
507	-1128	330
548	-960	293
857	-762	156
2431	-217	-30
4154	1386	-113
3376	2065	-278
1620	1537	-550
411	1111	-648
-261	892	-613
-913	782	-506
-1215	662	-208
-1071	619	-141
-682	723	31
210	858	225
1861	1715	-239
3933	2548	-185
3658	1748	159
1774	479	-56
735	-317	-209
420	-745	-7
419	-904	312
419	-1219	401
504	-1017	306
960	-610	211
2776	-58	37
4263	1478	53
3277	2187	-84
1485	1519	-552
414	1140	-627
-217	806	-536
-713	594	-432
-1022	567	-213
-985	580	-86
-649	710	33
326	973	198
2390	1811	34
3833	2322	-2
2982	1439	360
1367	240	146
528	-287	-18
360	-513	292
388	-585	353
331	-950	330
385	-1026	249
797	-618	80
2192	-439	-57
3969	1242	-303
3597	2289	-437
1796	1659	-629
711	1326	-708
-32	706	-385
-581	389	-258
-1002	376	-131
-1235	339	10
-1026	540	16
-422	512	52
780	1230	-52
3115	2760	-447
4144	2619	-421
2191	1108	63
799	61	5
556	-562	64
540	-706	409
523	-1200	425
383	-1442	418
1022	-1097	77
2758	-209	-630
4347	2183	-941
3251	2580	-964
1473	1847	-868
577	1579	-664
-208	849	-417
-550	563	-196
-822	451	-10
-924	486	181
-821	575	106
-599	869	146
278	879	-43
2112	1835	-797
3817	2731	-949
3434	1502	-427
1598	315	-213
787	-390	-146
670	-807	141
479	-741	326
315	-1130	294
237	-791	211
745	-717	-22
2856	-168	-612
4832	2575	-948
3348	2524	-699
1065	1492	-759
65	1411	-694
-579	702	-344
-920	591	-215
-1128	463	-72
-1005	444	-82
-750	661	38
-297	719	141
979	1706	-269
3540	3095	-505
4207	2487	-223
2162	829	-81
907	-40	-137
558	-452	22
542	-657	308
448	-962	368
286	-1222	409
624	-817	305
1670	-557	-47
3616	574	-371
4310	2446	-621
2432	2244	-676
692	1669	-767
-1	1403	-697
-509	801	-483
-866	590	-281
-1144	385	-140
-1026	511	-79
-546	749	159
219	965	92
1659	2086	-201
3544	2814	-239
3459	1966	-63
1685	807	-67
831	-61	-147
750	-522	109
792	-765	344
645	-1077	442
715	-793	359
1038	-460	403
2408	273	159
3930	1846	-322
3080	2310	-378
1354	1671	-603
215	1027	-669
-486	594	-488
-873	414	-385
-1023	323	-222
-915	200	-267
-615	375	-138
-189	648	8
998	1348	-350
3015	2836	-148
3431	2634	90
2151	1126	-16
1049	264	103
605	-310	164
687	-632	313
716	-1164	380
698	-1350	286
882	-778	109
2099	-575	-303
3953	1217	-713
3914	2865	-855
2017	1964	-893
601	1540	-790
-77	1095	-508
-674	629	-250
-1139	423	28
-1322	222	149
-1001	571	200
-380	483	179
659	1055	-27
2739	2691	-109
4079	2542	-144
2676	1203	88
1045	399	183
679	-241	203
610	-519	437
709	-945	482
739	-1090	397
908	-630	168
1566	-638	-99
2980	765	-694
3409	1999	-950
2159	1481	-868
1029	1265	-953
350	912	-678
-140	611	-450
-516	447	-263
-782	358	-7
-778	408	167
-540	415	232
-107	453	155
1050	1275	37
2741	2417	-30
3228	2053	82
2106	1059	209
1093	396	199
788	-6	227
766	-186	282
724	-350	247
558	-594	223
593	-653	106
865	-417	-90
1887	-411	-173
3406	1128	-501
3155	2101	-554
1653	1253	-538
865	1210	-898
295	963	-778
-141	644	-562
-476	554	-290
-667	434	72
-653	401	366
-516	391	384
-125	372	422
1061	1079	369
2999	2390	-133
3451	2112	178
2033	1010	368
855	323	93
504	-106	109
498	-273	68
588	-503	62
722	-578	28
862	-440	-39
1052	-318	-223
2221	95	-500
3104	1413	-759
2376	1915	-847
1276	1174	-765
435	927	-563
-116	609	-257
-469	274	-115
-678	346	20
-609	329	215
-478	448	206
-138	554	164
800	966	-152
2317	2047	-579
3340	2213	-306
2417	1274	-31
1122	429	-78
647	6	34
503	-244	163
478	-475	248
462	-781	252
640	-841	152
855	-554	17
1957	-419	-303
3355	1060	-647
3105	2053	-682
1755	1335	-675
723	1138	-598
130	781	-291
-308	495	-117
-733	564	19
-856	431	197
-870	656	122
-400	717	198
761	1020	-33
2719	2138	-505
4174	2064	-102
2526	857	102
932	-43	-30
710	-402	175
442	-503	401
302	-791	416
125	-1104	348
247	-879	233
999	-571	-145
3181	-49	-387
4422	1978	-724
2790	2485	-883
1039	1365	-614
422	1091	-445
-231	674	-288
-869	575	-22
-1139	540	231
-1050	648	168
-759	754	28
300	1010	36
3034	2132	-431
4495	2426	-478
2719	1190	142
1052	-72	-102
446	-561	-132
210	-774	233
217	-835	213
333	-1230	309
453	-922	214
1012	-482	-70
2938	-388	-373
4072	1745	-782
2959	2156	-725
1446	1272	-639
357	1115	-481
-340	360	-162
-840	346	-56
-1288	457	124
-1042	568	-7
-652	850	71
558	1191	-16
2607	2080	-702
3706	2516	-319
2915	1505	284
1355	212	-244
827	-435	-246
594	-688	243
475	-880	346
533	-1306	295
686	-783	266
1194	-616	154
2809	-25	-202
4406	2313	-443
3132	2214	-558
1123	1487	-725
115	1273	-510
-601	552	-264
-1170	495	-88
-1366	534	125
-991	679	53
-534	899	229
888	1229	47
3212	2045	-537
4040	2174	229
2625	1040	579
1052	34	-209
465	-486	34
289	-667	459
271	-864	379
284	-1321	243
560	-742	218
1335	-758	68
3137	457	-545
3923	2478	-685
2214	1542	-392
804	1129	-496
86	868	-286
-435	260	-96
-777	515	31
-891	475	131
-716	628	33
-363	734	84
1077	985	-263
2997	2276	-426
3472	2212	59
2142	803	156
855	-64	-61
522	-614	158
404	-643	421
324	-992	251
389	-1288	83
700	-649	163
1915	-681	-262
3781	1198	-843
3532	2535	-720
1602	1259	-517
582	1161	-403
-68	693	-98
-527	377	26
-773	642	135
-834	461	162
-786	662	-41
-327	615	131
1094	880	-237
3112	2130	-729
3993	2074	-47
2383	891	-20
918	22	-200
440	-449	139
308	-521	200
426	-1037	201
573	-1304	140
864	-869	191
1541	-738	-99
3655	593	-817
3831	2098	-725
1878	1845	-551
649	1243	-691
-219	778	-349
-655	438	-162
-844	463	-51
-755	440	55
-624	570	-5
-134	696	122
1173	1152	-146
2964	2165	-290
3551	2082	225
2146	879	182
928	-40	-35
485	-468	101
467	-655	242
496	-937	225
454	-1114	168
614	-782	257
1457	-452	-38
3260	470	-566
3797	1918	-541
2428	1805	-564
954	1016	-678
119	768	-367
-381	480	-231
-739	542	-200
-919	572	-33
-815	572	-70
-518	846	28
61	634	73
2019	1581	-406
4058	2433	-417
3564	1159	-54
1694	199	-145
552	-342	-96
211	-807	103
382	-846	221
538	-1154	308
409	-832	235
1000	-816	-56
2997	-440	-575
4342	1567	-691
3090	1686	-392
1199	1238	-628
29	1258	-765
-613	761	-496
-868	723	-232
-865	684	-106
-659	550	-33
-179	443	193
1148	424	77
2543	1174	252
3427	1756	262
3018	1142	-140
1539	405	-165
619	-48	-121
224	-387	9
213	-637	300
392	-975	589
534	-820	463
939	-1043	286
2808	-235	-192
4441	1579	-672
3241	1673	-650
1314	1505	-903
206	1234	-710
-464	929	-398
-894	802	-164
-1091	512	117
-1110	643	79
-792	721	163
-274	655	127
1092	1623	-305
3924	2983	-771
4246	2256	-682
2121	756	-271
774	-98	2
328	-653	270
410	-855	491
385	-1177	458
510	-1004	284
802	-667	23
2697	303	-599
4095	2088	-903
2840	2555	-879
1317	1862	-936
214	1289	-542
-360	713	-223
-843	396	-90
-1037	328	209
-1005	310	146
-692	513	81
-147	953	158
1844	2077	-190
4462	2868	-153
2810	1852	449
647	461	588
881	-208	195
797	-750	96
407	-943	201
317	-972	340
525	-853	371
760	-539	169
1903	-498	261
3405	785	-468
3111	2141	-683
1534	1791	-96
572	1176	-389
61	734	-403
-607	529	-162
-1025	493	-11
-957	433	81
-748	670	94
-203	807	-5
1936	1719	-292
4020	2723	-132
3240	1588	247
1449	213	34
633	-350	-71
436	-739	237
374	-808	488
422	-1145	429
444	-924	279
926	-633	92
2774	-415	-415
4113	1658	-545
2995	2014	-473
1115	1230	-706
34	1264	-610
-607	687	-302
-929	640	-117
-876	667	80
-646	661	25
-392	949	46
465	1109	108
1979	1835	-403
3265	2509	-424
3009	1749	50
1503	660	-90
744	57	-58
661	-290	270
569	-468	383
420	-1046	501
362	-1087	366
754	-732	364
2112	-336	58
3669	1094	-682
3375	1877	-463
1849	1672	-517
708	1272	-769
103	735	-526
-418	670	-548
-861	732	-309
-1072	607	-95
-936	776	-103
-197	894	243
1030	1154	89
3285	2026	-150
4028	1904	217
2272	709	178
938	-71	-74
422	-527	53
357	-685	250
254	-801	338
251	-1142	366
392	-738	277
1576	-594	48
3699	485	-83
3716	2344	-152
1923	1542	-430
812	895	-492
269	799	-319
-288	402	-298
-623	565	-131
-753	531	-84
-626	662	-109
-230	901	72
832	1144	-221
2456	1634	-254
2882	1814	266
1899	1248	368
1260	562	208
1081	68	113
682	-309	22
390	-656	55
369	-990	154
388	-875	305
709	-381	371
1554	736	234
2275	1702	-247
1855	1656	-651
839	1468	-403
477	1052	-187
345	642	-153
152	467	-55
-160	268	-27
-227	275	-81
-130	437	-250
337	754	-526
1605	1240	-692
1857	1455	-559
1571	1248	-273
1240	668	7
865	56	223
831	-202	271
458	-403	84
140	-527	-50
51	-384	32
334	-110	9
1302	551	-213
2185	1251	-899
1973	1453	-1055
1289	1296	-318
906	882	-53
519	485	-111
143	213	-154
-239	48	-108
-407	72	-251
-114	432	-467
594	713	-823
1672	1320	-516
2057	1990	473
1455	1297	27
1173	601	-469
978	162	-367
738	-271	-220
620	-425	340
238	-488	296
-100	-366	64
355	-62	145
1861	956	-520
2287	1356	-797
1220	1057	-109
579	858	229
477	469	56
290	263	2
-42	111	-26
-376	28	-227
-241	330	-148
481	616	-589
1441	1217	-248
1773	1381	428
1228	709	-76
721	187	-304
637	-360	-188
746	-464	338
431	-494	503
40	-427	155
522	-278	28
1980	397	-479
2433	1309	-893
1250	1043	-336
610	846	226
150	588	126
-236	223	-24
-375	151	-38
-313	183	-377
259	493	-594
1123	791	-726
1920	1180	-648
1446	1279	323
858	628	30
747	-72	-567
573	-292	-67
546	-437	320
352	-503	421
181	-396	75
756	-31	-171
1878	797	-520
1969	1105	-680
1599	1081	-34
1076	962	251
347	450	-78
192	205	-127
-130	34	-227
-131	86	-391
415	488	-402
1178	742	-716
1411	1329	-278
1384	1642	542
1678	1075	329
1233	444	61
645	-206	82
428	-346	150
167	-384	154
-50	-319	66
585	-210	-8
1978	451	-388
2612	1651	-686
1861	1327	-433
932	912	-71
931	900	221
334	385	105
-445	-29	-164
-426	65	-186
-183	334	-468
852	684	-661
1861	1414	-239
2227	1592	230
2077	1170	15
1279	673	-251
629	206	-384
431	-144	-134
239	-465	415
10	-558	229
285	-408	-33
1806	147	-505
2731	1122	-932
1975	1459	-709
1156	1149	-216
700	921	167
541	618	57
393	327	-87
-303	124	-169
-450	310	-309
269	641	-480
1644	1217	-819
2425	1838	-267
1772	1533	638
1341	828	149
757	192	-297
362	-204	-281
433	-529	-248
297	-476	91
667	-377	233
1903	119	-320
2669	1408	-930
1964	1486	-752
1133	1120	-521
534	1058	-122
368	700	344
344	486	133
-10	183	70
-364	36	-22
97	857	-953
1870	1996	-1325
1952	2274	-475
1465	1540	304
1336	547	19
853	-228	-582
801	-814	-552
630	-873	-332
508	-737	115
-143	-704	547
1398	265	-72
2970	1612	-792
2057	1676	-642
1284	1072	-444
625	725	-375
338	513	-137
-66	379	97
-414	109	109
-305	201	-10
-345	423	-423
677	1158	-485
2191	1891	31
1974	1194	-15
1109	652	-395
569	161	-534
460	-346	-489
469	-502	-179
627	-653	379
372	-521	721
515	-245	417
1986	390	-170
1638	1110	-381
866	1023	-227
798	356	-248
236	39	-346
-175	115	-247
-554	38	-219
-378	289	-197
-34	863	-257
125	826	-455
1403	1320	69
1657	1448	437
830	516	124
1037	122	147
1058	-106	308
1040	-583	355
989	-1049	270
916	-988	230
1283	-618	216
2310	-13	132
3456	1382	68
2544	1984	-105
423	1036	-255
-199	578	-250
-468	597	-204
-837	478	33
-682	508	21
-489	755	48
278	976	90
1838	1342	-65
3165	1981	286
2859	1375	173
1220	13	-152
454	-663	-34
541	-688	171
420	-1161	323
357	-1121	268
636	-656	122
2320	-666	-83
4211	1483	-196
3380	2021	-347
1591	1111	-495
546	1076	-402
-431	486	-263
-737	631	-135
-813	570	-36
-765	686	-28
120	886	27
1653	1351	-110
3225	2049	-8
3225	1442	265
1763	397	-2
870	-187	-75
404	-674	249
238	-942	396
354	-1082	356
452	-651	143
1553	-484	-34
3534	578	-91
3856	2366	-248
2024	1580	-335
598	945	-365
75	730	-330
-455	355	-158
-579	479	-99
-434	560	-22
41	849	37
1369	1116	-163
2603	1706	-110
2898	1577	189
2051	802	187
985	-6	-56
695	-402	55
480	-713	322
341	-982	218
525	-681	160
1413	-612	129
3755	910	-137
3921	2030	-261
1865	1410	-413
780	1130	-514
62	727	-371
-346	426	-291
-660	493	-179
-758	521	-133
-304	551	166
610	956	80
2575	1948	-239
3802	2193	103
2614	1144	205
1219	200	-67
621	-435	-130
384	-626	146
456	-986	355
535	-926	340
1710	-481	179
3554	583	-53
3491	2257	-206
1958	1699	-419
723	1063	-477
124	835	-295
-287	393	-266
-560	493	-175
-705	483	-41
-598	505	-78
758	890	-27
2793	2063	-90
3411	2109	-86
2296	1002	24
986	167	4
554	-233	50
344	-462	334
444	-813	472
609	-1074	289
233	-1187	254
2596	422	-200
4104	1991	-515
2177	1756	-484
903	1396	-651
5	887	-432
-414	479	-259
-521	497	-184
-916	410	19
-509	659	-79
-829	475	111
826	1079	85
3882	2214	-339
2651	1112	-111
1223	150	-135
729	-181	-186
235	-508	95
258	-615	340
342	-1037	366
389	-1083	249
1052	-989	38
2850	-329	-552
2518	1409	-809
924	1629	-817
119	882	-528
-468	565	-172
-689	390	-55
-830	414	91
-747	486	45
-513	811	141
-275	595	97
1493	1702	-359
2799	2073	-558
1878	544	-458
873	-83	-211
474	-454	290
462	-694	523
475	-1059	415
486	-1148	378
880	-606	67
2034	-196	-301
3952	1360	-357
3415	2602	-549
469	1378	-673
-320	681	-526
-608	688	-414
-1240	379	-151
-1134	520	61
-1030	568	-13
-362	753	49
1035	1878	-16
3138	3176	-330
3893	2662	-315
1532	313	-154
271	-896	10
781	-710	253
543	-1078	429
621	-801	384
997	-408	213
2305	-202	121
3927	2144	-242
3247	2791	-517
1621	1827	-664
367	1307	-579
-739	381	-194
-967	430	-67
-993	489	50
-890	649	65
-458	716	-32
794	1507	-82
3101	2806	-488
3778	2333	-452
2099	859	-82
941	-148	-155
680	-759	219
455	-1239	339
719	-1063	80
946	-757	216
2384	-53	-402
4072	1715	-960
3063	2548	-648
1377	1788	-753
295	1162	-635
-409	738	-341
-696	432	-66
-819	391	171
-610	572	30
-254	717	37
1057	1388	-201
3322	2863	-566
3648	2258	-375
1967	691	-57
860	-83	-38
482	-449	267
532	-774	410
584	-1107	212
867	-695	63
2811	-23	-524
4143	1844	-585
3087	2485	-562
1387	1587	-818
225	1337	-540
-340	775	-354
-782	588	-215
-1098	620	7
-1026	465	40
-856	705	5
-88	705	203
1629	1474	-0
3368	2819	-336
3446	2301	36
1824	868	119
853	-147	-221
608	-522	-58
540	-915	423
344	-1168	537
618	-1393	258
3055	183	-235
4680	3103	-508
2884	2548	-421
1017	1564	-646
79	1316	-560
-559	625	-352
-1196	438	-203
-1282	560	22
-1194	505	40
-1028	552	61
2384	2463	-407
4198	2952	-243
2595	1273	173
1356	167	57
607	-509	189
395	-587	354
412	-685	420
473	-1126	379
724	-905	310
1758	-840	39
2971	658	-416
2270	2188	-735
537	1403	-759
-222	853	-445
-783	483	-185
-1181	410	-36
-1037	460	274
-717	371	-138
-273	854	267
882	1259	-154
1979	1375	-1219
1618	1177	168
854	290	113
533	-269	-161
439	-532	330
470	-837	216
430	-1219	252
735	-941	124
1282	-595	-94
2863	-274	-620
4565	2048	-850
1956	2268	-708
-531	1064	-558
-480	868	-327
-1145	420	-67
-1207	424	70
-925	454	46
-514	666	138
737	1006	148
2812	2203	-360
3774	2596	-67
2588	1253	424
1116	284	103
538	-289	236
472	-482	469
482	-637	542
485	-1275	548
495	-710	419
1505	-689	317
3539	428	246
3837	2641	-0
2119	1689	-468
714	1198	-543
-473	661	-181
-998	249	29
-818	466	13
-728	359	-75
-334	626	48
669	875	-106
2475	2289	-643
3656	2779	-370
2890	1486	-127
1233	288	-119
570	-320	179
458	-1145	283
477	-1360	245
711	-881	118
1454	-742	-252
4052	1082	-806
4598	2507	-652
2292	2146	-659
558	1656	-771
-346	1121	-432
-817	686	-346
-1225	361	-14
-1015	595	54
-519	590	-1
780	1349	-36
3596	2894	-390
4480	2574	-268
2413	975	69
892	-18	10
461	-494	147
464	-784	425
650	-891	279
770	-1036	140
2627	49	-253
4291	2000	-609
3005	2419	-513
1374	1802	-682
283	1243	-525
-476	583	-237
-714	350	-214
-1050	271	62
-865	411	164
-259	723	106
1461	1549	-89
4095	3102	-459
3660	2192	-97
1577	472	47
659	-201	-209
133	-577	122
446	-864	275
595	-1297	267
464	-1263	241
2338	-834	-348
4357	1570	-731
3522	2483	-597
1517	1499	-660
262	1285	-564
-320	821	-292
-871	735	-187
-1225	629	-9
-925	707	30
-1061	426	111
658	1513	171
3334	3013	-48
3213	2179	2
1973	1062	224
1077	71	181
951	-597	126
903	-980	333
630	-1458	461
539	-975	367
946	-737	385
2225	17	299
2501	2078	-215
1017	1851	-574
116	922	-514
-288	533	-354
-851	400	-262
-1094	397	-50
-990	413	-46
-833	586	3
-202	740	148
1860	2431	-364
2659	2046	-140
1541	287	117
776	-190	100
645	-524	527
591	-899	433
456	-1112	351
677	-586	381
1603	-559	187
3354	854	-331
4231	2537	-412
2246	1810	-318
-44	863	-572
-474	648	-502
-945	758	-319
-1381	704	-91
-1028	644	-93
-972	845	-118
-54	710	225
1078	1402	-64
3153	3353	-1019
4718	2793	-1028
1578	-28	-128
475	-841	259
1039	-851	282
481	-1467	279
832	-817	137
1261	-573	-127
3001	95	-546
4129	2415	-746
2845	2274	-741
1203	1616	-688
-104	1101	-364
-1030	289	20
-1058	458	160
-964	417	238
-732	590	183
53	834	-61
1581	1996	-260
3464	2934	-439
3460	2041	-89
1869	691	26
979	-197	-109
545	-819	407
439	-1168	459
637	-1030	332
922	-550	253
2364	107	-105
3686	1695	-243
2999	2496	-364
1505	1613	-542
563	1117	-474
93	673	-340
-593	481	-165
-883	414	-79
-779	551	-105
-569	612	17
539	1006	-73
2752	2430	-296
4015	2386	-13
2514	1053	282
1016	-69	122
712	-345	265
312	-809	369
220	-972	142
566	-734	85
2029	-408	-184
3882	1641	-410
3202	2072	-336
1530	1335	-497
738	1136	-501
66	557	-248
-264	421	-215
-637	484	-140
-932	612	-57
-448	742	-17
863	1447	41
3270	2588	-288
3866	2234	-75
2046	729	252
1024	-196	-27
585	-620	262
417	-844	431
386	-1067	315
698	-687	244
2488	-13	-72
4110	1389	-290
3470	2447	-452
1749	1632	-666
521	1099	-540
-174	719	-291
-723	520	-284
-1083	543	23
-1297	523	19
-746	579	24
1359	1343	-76
3561	2654	-634
3749	2017	-33
2216	720	87
826	-128	-134
633	-548	243
484	-683	413
616	-689	397
556	-820	281
574	-693	207
3197	1398	-340
3545	2121	-567
1588	1423	-524
828	1208	-549
-86	574	-304
-505	432	-193
-766	305	-59
-948	159	84
-623	585	65
-848	426	141
1303	1686	20
3644	2730	-160
2325	1141	-162
1141	76	-215
765	-461	-7
656	-724	211
665	-860	293
676	-1137	349
447	-721	357
1253	-518	-75
2880	304	-523
2351	1868	-508
1028	1509	-674
232	908	-482
-291	621	-215
-504	422	-236
-820	434	-87
-900	475	-51
-726	562	110
-115	426	202
1632	1731	-159
2602	1688	-109
1855	334	22
1060	-247	95
707	-532	449
540	-924	467
574	-1268	260
719	-776	37
1410	-766	-294
3055	873	-924
3799	2400	-866
1964	1527	-433
112	913	-394
-46	457	-219
-326	367	-88
-706	483	185
-683	261	232
-718	431	263
-339	138	236
700	464	-34
2743	2518	144
3566	2492	259
1380	333	114
360	-438	137
658	-341	165
603	-1041	305
809	-938	242
603	-972	100
1756	-788	-300
3804	1619	-980
3310	2210	-530
1797	1466	-501
555	996	-651
-381	408	-168
-598	368	-54
-795	198	235
-675	201	307
-421	157	148
433	406	299
1920	1750	105
3206	2470	-124
2941	1694	137
1353	638	235
684	-117	211
877	-279	302
865	-434	294
786	-748	101
969	-394	-137
1677	-381	-196
2814	393	-422
3084	1744	-715
2193	1356	-779
1125	1115	-878
-84	671	-496
-667	311	-98
-773	546	5
-606	584	319
-390	611	366
-20	915	237
1640	2170	367
2772	2742	421
2802	2015	333
2052	1082	219
882	194	112
433	-647	161
500	-1121	73
634	-975	84
1169	-518	183
2494	391	-449
3167	2010	-762
2491	2430	-776
1359	1621	-969
412	1187	-759
-263	711	-455
-843	371	-76
-853	510	121
-454	844	226
36	1009	240
1532	2036	-134
3143	2725	-323
2735	1671	-20
1302	674	60
586	27	-18
364	-212	300
435	-747	295
764	-731	166
1567	-262	108
2920	944	-326
3195	2621	-587
1899	1860	-661
756	1156	-703
139	781	-548
-283	355	-255
-683	269	-189
-788	361	-25
-369	692	218
768	975	-96
2814	2302	-250
3457	2297	60
2228	991	154
1038	224	52
374	-275	72
212	-497	168
284	-709	221
301	-904	169
1215	-663	-33
3128	542	-297
3772	1889	-443
2407	1936	-501
832	1335	-500
103	903	-296
-298	444	-133
-622	314	-121
-641	304	23
-778	375	1
-132	474	-34
1996	1532	-230
3530	2617	-219
2894	1662	267
1415	259	16
717	-582	-115
475	-702	454
439	-985	635
467	-831	457
590	-901	169
1849	-333	-16
2806	1926	-106
1698	1503	-532
646	663	-587
207	724	-299
-389	423	-221
-830	541	28
-969	504	30
-809	621	-29
-367	850	143
1173	1182	-185
2652	1486	-56
2023	814	76
813	-49	-156
442	-372	18
262	-657	178
301	-1059	282
389	-1302	160
679	-832	10
1920	-800	-387
4467	1313	-787
3425	2740	-778
-120	1045	-572
-466	732	-325
-750	504	-174
-1045	416	33
-646	550	14
-802	530	75
529	856	68
2791	1627	-301
3713	2473	-7
2719	1447	451
622	-281	143
164	-842	24
558	-866	185
523	-1298	244
767	-964	286
1452	-579	4
3113	313	-289
3749	2411	-312
2195	1934	-458
957	1171	-641
35	783	-404
-776	252	-23
-790	441	14
-799	431	-2
-537	685	153
592	814	-121
2701	2347	-444
3626	2586	110
2318	871	320
1022	-51	-142
486	-512	-3
208	-996	215
271	-1178	110
563	-655	70
1923	-670	-273
3840	1206	-812
3627	2485	-732
1753	1343	-590
561	1158	-563
72	645	-244
-370	356	-183
-846	393	16
-839	646	128
-56	924	11
1962	1605	-571
3755	2371	-666
2976	1465	132
1402	150	-251
803	-804	-537
466	-882	-93
280	-1133	251
414	-860	220
1371	-626	-287
3352	41	-814
4169	2262	-965
2712	1797	-562
963	1093	-498
151	1069	-580
-320	602	-403
-729	623	-150
-996	577	31
-792	559	24
780	759	-99
3268	2006	-308
4153	2163	32
2765	850	-61
984	-126	-297
387	-604	-87
8	-820	175
24	-958	362
439	-1143	108
-105	-1231	377
2791	306	-680
4525	2081	-1076
2080	1790	-368
893	1081	-771
-102	804	-356
-612	445	-100
-715	494	-101
-924	437	43
-563	560	119
-452	541	127
1538	1138	-13
3504	1874	22
1754	580	-50
702	-251	-143
496	-441	48
321	-631	323
363	-1051	347
512	-1280	133
662	-1054	49
1852	-598	-244
4063	926	-824
2094	1371	-720
100	960	-403
24	602	-220
-620	461	-122
-666	658	-90
-776	573	-0
-664	598	21
78	638	19
2066	1442	-357
4273	2355	-121
2637	1046	253
68	-470	39
221	-475	104
165	-629	176
167	-976	116
415	-1184	93
517	-855	21
2120	-763	-442
4067	670	-650
3560	2008	-294
1575	1046	-262
375	832	-266
-228	617	-38
-623	405	-79
-677	593	17
-663	458	-23
-500	669	75
297	874	141
2337	1411	-247
3947	2118	183
2810	1278	393
1256	176	-15
590	-446	-14
180	-731	161
380	-941	274
511	-963	219
1101	-645	-28
2849	-417	-231
3838	1522	-382
2879	1894	-426
1288	953	-448
276	1068	-537
-265	551	-241
-687	291	39
-807	403	-46
-634	649	78
229	999	-108
2158	1862	-448
3580	2149	-285
2915	1156	-73
1467	45	-34
855	-524	34
734	-609	274
617	-1177	379
692	-904	148
1555	-598	-147
3420	560	-393
3909	2143	-577
2137	1392	-674
648	1006	-698
-45	775	-481
-338	625	-271
-1015	584	-282
-715	903	234
-408	495	61
599	302	-838
3887	2425	-159
3586	2104	658
1531	619	368
947	-52	5
541	-545	78
475	-960	263
171	-1253	371
443	-1196	307
2602	-432	9
4425	2128	-7
3295	2298	-119
1329	1257	-386
306	1266	-400
-252	593	-340
-620	533	-290
-1017	512	-220
-1005	357	-134
-788	701	-47
-335	584	141
1389	1966	-18
3957	3481	247
4088	2047	576
1775	436	-12
624	-335	-95
314	-827	90
232	-867	224
354	-1277	365
321	-986	336
894	-866	328
2206	-249	203
2655	1980	-77
1335	1647	-453
268	762	-470
-227	588	-267
-722	257	-226
-888	341	30
-663	344	127
-460	666	93
-200	977	266
1486	1702	-36
2911	2114	28
1957	1075	-24
864	-157	-466
795	-701	-120
616	-1029	327
634	-1396	399
694	-1272	351
740	-621	158
2139	-682	-302
4613	1415	-621
3353	2830	-706
28	1124	-643
-427	823	-402
-822	649	-201
-1183	559	26
-886	671	162
-866	730	135
18	1061	150
2304	1956	-273
4244	3071	-408
3226	1772	26
767	-411	-271
179	-958	-194
468	-957	295
446	-1370	440
713	-782	537
1380	-522	75
3116	103	-550
4133	2368	-569
2642	2021	-510
1224	1315	-750
118	931	-553
-832	245	-301
-790	527	-263
-833	488	-93
-679	702	2
87	816	163
1832	1693	25
3667	2599	-226
3384	1870	114
1657	523	46
728	-360	-102
469	-875	391
384	-1233	375
559	-1050	258
1015	-572	159
2801	-46	-148
3955	1370	-249
2777	2128	-447
1208	1332	-587
200	895	-440
-263	530	-293
-762	361	-106
-879	630	-10
-413	693	32
896	1259	-118
3022	2205	-340
3640	2143	-63
2325	951	109
1091	-264	-49
657	-740	-34
451	-918	324
575	-873	310
621	-706	212
1772	-360	-90
3931	1008	-658
3582	2089	-362
1898	1652	-569
706	1009	-695
-19	532	-221
-254	377	-208
-647	502	-108
-806	573	34
-545	893	73
787	1151	-158
3338	2175	-593
4068	2150	-311
2220	701	41
905	-159	-183
430	-543	-67
344	-681	150
475	-1032	261
-28	-1242	346
1820	-1077	-180
4654	1457	-613
3844	2887	-588
1574	1475	-705
350	1252	-523
-205	753	-246
-584	432	-207
-1209	471	51
-818	586	-60
-1224	448	21
199	1240	-118
4148	2837	-615
3614	1785	-39
1506	275	74
650	-381	-55
406	-700	186
375	-991	307
423	-1220	209
447	-1112	177
962	-1339	240
2795	-555	-288
2604	1291	-621
1108	1652	-647
364	1101	-527
-236	721	-321
-546	551	-237
-919	599	-26
-919	515	14
-593	739	83
120	841	209
3059	1653	-332
3137	1316	-276
738	-184	214
675	-431	-1
279	-526	64
62	-751	78
168	-1089	4
254	-947	228
1107	-838	-186
2991	-29	-892
4324	1625	-788
2679	1668	-443
283	764	-293
-276	412	-189
-473	511	-257
-881	523	-46
-882	592	-109
-700	850	-23
297	1065	86
2455	1631	-489
4036	2178	-209
3168	1360	125
921	-216	-6
143	-751	59
-16	-1033	228
334	-1118	234
410	-949	160
1227	-719	-149
3942	440	-722
1407	302	-255
