A_X [mg]	A_Y [mg]	A_Z [mg]
219	-260	925
243	-251	980
244	-279	887
278	-280	975
252	-263	920
280	-296	946
270	-272	924
288	-252	936
403	-116	946
413	-15	869
414	6	712
422	-85	562
345	-226	516
286	-466	592
263	-686	635
261	-680	658
272	-745	737
274	-779	689
265	-720	574
269	-766	562
295	-786	527
291	-755	479
282	-832	437
339	-896	381
396	-905	388
428	-982	336
477	-997	321
482	-955	322
477	-984	293
478	-950	294
441	-917	242
429	-972	255
426	-954	297
419	-958	293
421	-936	266
428	-921	314
420	-902	289
422	-858	208
444	-905	279
440	-896	286
474	-1003	298
489	-978	343
459	-861	325
439	-938	331
397	-933	308
364	-886	327
344	-881	392
317	-873	371
327	-886	387
310	-854	365
324	-843	357
351	-864	426
353	-795	364
427	-814	345
402	-907	377
318	-868	324
324	-856	345
307	-936	388
297	-908	403
332	-851	445
332	-858	436
341	-839	423
356	-842	400
329	-862	409
325	-850	439
339	-836	436
343	-829	434
355	-829	448
359	-816	460
349	-808	449
349	-828	462
350	-833	468
354	-790	485
361	-791	497
356	-806	475
353	-785	491
358	-803	502
353	-795	492
360	-797	466
343	-831	421
368	-764	478
391	-773	519
349	-875	441
345	-847	419
332	-826	429
351	-815	458
366	-801	463
339	-876	421
348	-865	430
357	-797	446
353	-837	439
349	-854	440
346	-825	423
368	-833	428
379	-820	452
347	-830	427
343	-841	461
357	-794	500
360	-793	474
378	-794	515
360	-774	474
333	-832	402
351	-841	455
357	-810	499
362	-806	506
356	-793	467
352	-769	447
400	-711	513
358	-847	427
318	-972	281
326	-942	331
314	-882	421
353	-810	411
372	-853	371
368	-858	375
363	-836	393
355	-857	411
343	-837	404
337	-866	393
378	-838	445
386	-766	461
346	-828	415
354	-814	446
355	-818	473
360	-855	472
355	-820	421
334	-826	414
359	-820	449
371	-824	396
369	-843	462
350	-821	477
341	-822	393
361	-802	427
358	-836	426
349	-915	383
347	-860	433
340	-818	468
343	-806	439
348	-759	427
385	-759	461
435	-764	582
368	-940	420
288	-1088	69
275	-894	117
264	-824	299
363	-869	387
395	-836	413
317	-864	454
330	-845	490
317	-862	409
307	-908	399
367	-796	460
360	-768	457
348	-819	438
360	-835	447
313	-832	485
294	-827	488
316	-861	377
357	-816	357
393	-781	476
331	-880	442
293	-957	352
318	-852	439
309	-806	447
335	-837	384
381	-751	488
356	-821	489
298	-964	357
303	-864	375
306	-849	424
333	-849	450
389	-774	475
356	-831	442
311	-836	415
315	-856	389
315	-874	398
325	-862	428
364	-814	510
349	-796	491
318	-822	355
339	-754	453
330	-768	512
324	-932	274
322	-1124	104
299	-1174	17
330	-1202	96
363	-1268	423
316	-1201	642
277	-995	713
326	-680	708
403	-456	671
414	-367	681
394	-328	724
370	-295	740
341	-248	759
331	-223	749
315	-214	725
318	-226	793
328	-210	797
328	-193	802
336	-210	875
312	-195	858
290	-177	867
291	-202	903
269	-222	879
282	-218	919
311	-215	940
317	-202	926
324	-183	944
311	-186	922
308	-205	925
320	-222	941
308	-227	923
300	-217	923
299	-221	926
294	-229	910
298	-227	918
301	-233	942
292	-226	937
285	-215	934
299	-225	951
298	-233	922
296	-233	917
302	-237	941
291	-236	907
292	-231	906
301	-235	942
289	-236	925
288	-240	916
292	-251	939
288	-253	928
289	-247	915
283	-246	923
282	-251	922
283	-247	914
282	-243	913
280	-252	922
276	-249	913
281	-255	920
285	-271	934
276	-263	913
276	-257	912
277	-252	917
289	-248	912
312	-245	884
341	-223	790
370	-254	689
391	-368	639
413	-424	616
415	-421	580
407	-517	524
359	-677	536
320	-867	568
246	-1007	506
182	-1051	421
190	-1118	329
127	-1158	220
114	-1146	204
162	-1098	243
204	-999	200
310	-1015	312
377	-934	403
416	-739	405
530	-762	584
542	-804	514
411	-887	361
337	-884	441
322	-811	518
304	-828	522
316	-796	505
349	-784	522
347	-810	529
320	-827	485
348	-785	507
353	-774	532
335	-794	514
337	-784	513
330	-786	506
350	-787	530
342	-798	510
338	-806	481
356	-784	562
353	-769	524
319	-799	456
326	-820	484
378	-789	456
373	-741	544
355	-765	577
315	-883	404
300	-890	410
347	-799	509
359	-813	474
360	-823	452
356	-792	471
332	-800	498
356	-756	497
372	-753	539
343	-824	521
336	-834	452
322	-865	455
330	-833	478
394	-720	509
411	-746	489
366	-776	521
307	-863	488
290	-924	394
356	-783	484
384	-755	552
356	-794	491
365	-757	501
351	-796	508
339	-808	436
361	-818	449
341	-830	501
339	-795	488
366	-793	489
348	-764	497
342	-828	457
344	-873	420
339	-844	445
331	-845	463
338	-796	482
370	-772	500
371	-800	483
362	-789	473
346	-788	429
356	-777	504
326	-845	513
326	-887	438
354	-824	476
333	-827	462
382	-790	493
364	-785	513
334	-812	454
350	-765	510
332	-798	465
362	-829	411
359	-824	492
326	-881	447
355	-817	492
328	-773	539
335	-832	458
364	-776	480
332	-802	468
356	-851	432
363	-767	494
339	-773	482
357	-792	467
331	-873	463
297	-908	405
343	-821	460
355	-835	465
336	-859	396
347	-825	456
337	-790	470
363	-785	480
379	-813	477
347	-816	464
336	-807	514
320	-818	426
341	-812	390
385	-809	513
352	-843	441
330	-886	384
318	-847	465
309	-839	444
364	-844	423
379	-803	454
351	-825	445
346	-800	420
354	-777	470
363	-791	526
341	-868	428
308	-915	352
325	-838	444
346	-821	457
348	-861	386
350	-866	402
351	-801	437
367	-810	461
361	-834	492
344	-808	471
348	-827	448
336	-825	418
346	-829	395
359	-833	482
352	-830	458
340	-878	380
325	-857	421
332	-846	426
358	-865	418
373	-791	427
360	-829	400
359	-808	423
376	-729	544
327	-877	429
295	-967	278
337	-866	398
351	-822	436
354	-858	386
343	-878	371
364	-807	445
360	-809	446
344	-838	438
363	-799	471
339	-831	379
344	-826	407
347	-838	456
338	-883	414
337	-866	402
336	-843	426
357	-828	433
353	-829	411
344	-841	399
373	-820	412
352	-823	472
329	-848	465
331	-837	432
347	-798	445
381	-765	470
353	-776	454
315	-869	321
313	-984	191
315	-973	125
344	-961	165
347	-962	148
329	-912	107
350	-952	146
347	-988	82
346	-947	64
348	-948	83
341	-944	37
346	-932	-9
349	-955	31
348	-938	77
368	-927	54
387	-946	70
372	-935	61
374	-947	49
379	-910	60
396	-915	118
427	-931	167
419	-885	164
410	-909	219
405	-886	220
400	-878	224
421	-846	339
386	-814	357
378	-827	335
371	-781	353
323	-805	434
402	-820	562
456	-745	480
509	-731	498
528	-698	527
528	-701	487
549	-696	553
515	-645	527
540	-695	499
550	-663	480
560	-688	462
567	-708	437
579	-675	457
600	-698	460
602	-673	422
629	-648	443
620	-650	429
604	-679	428
597	-684	419
600	-682	408
617	-670	420
624	-652	413
628	-675	412
621	-676	407
613	-673	405
617	-692	408
612	-686	408
615	-678	414
615	-675	404
613	-678	401
621	-685	407
608	-685	391
608	-700	400
617	-675	412
617	-681	398
616	-691	401
613	-674	408
611	-697	394
610	-685	394
619	-686	405
615	-688	392
613	-679	394
614	-698	408
604	-690	397
610	-681	397
622	-690	407
618	-678	403
615	-683	398
610	-686	396
610	-686	402
616	-695	400
610	-683	398
613	-674	407
620	-683	402
614	-690	400
619	-684	406
609	-687	394
610	-686	405
621	-675	411
616	-685	395
619	-687	400
612	-679	399
616	-687	400
617	-682	395
614	-681	393
618	-686	405
617	-677	403
623	-684	398
619	-685	401
617	-678	398
615	-685	395
614	-685	404
620	-687	408
617	-682	397
618	-678	394
622	-693	401
613	-684	399
618	-678	399
618	-687	401
614	-680	400
618	-684	400
612	-685	401
613	-675	403
619	-684	398
613	-681	403
617	-680	407
616	-679	395
617	-680	398
620	-682	406
614	-682	401
619	-689	403
616	-676	402
617	-678	400
613	-680	399
614	-684	403
617	-683	402
614	-684	400
621	-689	404
620	-673	406
622	-683	410
615	-677	398
614	-679	398
617	-692	402
613	-679	400
623	-679	405
622	-681	399
618	-681	401
619	-684	404
615	-690	400
616	-678	404
620	-673	402
618	-682	398
619	-680	403
618	-684	401
616	-683	397
618	-683	404
619	-681	400
615	-675	398
619	-685	406
616	-688	399
610	-680	397
620	-683	404
613	-684	397
617	-680	404
615	-683	403
611	-681	400
619	-685	405
612	-688	398
619	-680	405
615	-685	403
616	-680	404
616	-680	407
609	-684	403
612	-683	404
614	-681	405
618	-672	405
618	-686	403
610	-685	406
611	-677	405
617	-686	406
614	-681	409
615	-682	405
614	-684	402
612	-675	407
618	-687	407
611	-682	400
615	-673	408
615	-682	404
607	-688	402
615	-682	409
617	-680	399
616	-691	405
612	-675	408
616	-687	407
609	-689	404
610	-678	402
619	-686	404
613	-681	400
617	-687	403
612	-683	398
614	-684	404
615	-683	407
610	-678	398
613	-686	407
611	-680	408
616	-681	398
618	-690	404
613	-680	402
618	-689	402
611	-685	406
611	-679	404
616	-686	402
610	-677	400
617	-689	400
613	-683	393
615	-678	399
622	-691	405
614	-684	397
615	-682	402
617	-691	407
611	-685	399
614	-684	401
614	-686	399
609	-680	397
616	-684	403
614	-689	398
612	-682	399
620	-684	402
617	-692	394
616	-681	399
617	-686	402
610	-684	390
610	-682	398
618	-689	404
622	-684	395
618	-684	397
618	-683	396
618	-684	399
617	-687	396
618	-685	396
613	-682	396
620	-683	394
620	-689	395
608	-687	392
621	-684	402
618	-687	399
615	-682	401
621	-683	400
613	-683	389
618	-683	398
621	-691	398
617	-681	394
618	-683	399
619	-688	398
617	-684	394
618	-684	396
618	-681	396
618	-681	397
620	-684	399
617	-685	398
614	-687	401
616	-683	403
620	-683	394
617	-685	397
612	-684	404
616	-685	398
610	-681	398
612	-680	400
618	-687	400
614	-690	402
614	-686	405
615	-680	403
614	-684	399
615	-687	405
616	-682	403
614	-686	397
612	-681	403
617	-684	408
614	-683	400
616	-678	403
622	-692	407
610	-683	397
612	-682	406
613	-682	402
616	-685	403
617	-680	408
614	-681	402
616	-694	407
608	-674	400
616	-684	403
615	-682	398
613	-678	408
614	-690	408
610	-680	395
615	-683	403
611	-687	403
616	-680	408
615	-681	403
612	-686	403
610	-679	406
617	-687	403
616	-688	403
612	-677	402
622	-685	405
613	-682	400
621	-681	409
615	-687	399
612	-682	403
616	-679	405
609	-684	395
620	-683	407
611	-681	392
619	-689	404
616	-684	405
611	-686	397
618	-686	405
617	-679	398
619	-686	403
610	-678	398
622	-686	393
617	-691	397
612	-676	396
625	-682	398
615	-689	403
614	-683	402
625	-687	397
618	-686	394
618	-684	398
618	-683	399
619	-680	398
618	-683	392
613	-684	391
620	-682	399
622	-684	396
618	-684	395
616	-679	395
618	-685	396
620	-691	402
619	-682	396
617	-686	398
611	-690	402
612	-675	394
624	-683	400
617	-682	398
613	-679	395
618	-686	400
611	-681	397
615	-687	399
618	-690	396
615	-684	396
620	-684	403
614	-685	398
614	-685	401
617	-684	400
613	-686	393
617	-690	400
614	-682	397
617	-687	400
613	-685	397
613	-683	395
618	-693	401
612	-686	400
616	-683	403
617	-688	402
612	-682	398
614	-683	399
612	-692	397
609	-686	397
616	-683	400
619	-687	403
616	-687	402
613	-685	397
612	-682	400
616	-689	398
615	-687	398
615	-679	401
620	-687	399
613	-686	401
614	-682	397
621	-689	400
609	-683	399
615	-680	401
618	-687	401
611	-684	395
618	-683	396
615	-687	397
615	-688	402
613	-685	397
611	-684	400
615	-684	400
613	-683	398
616	-689	403
617	-688	397
613	-683	395
618	-685	399
617	-683	395
611	-689	398
619	-694	400
619	-681	393
614	-682	395
617	-690	401
612	-687	396
615	-686	390
618	-685	391
618	-684	392
618	-689	393
615	-689	396
618	-687	398
618	-689	394
615	-688	393
614	-686	398
614	-684	394
618	-691	391
616	-689	394
613	-686	394
613	-695	398
611	-687	397
618	-684	392
616	-685	391
615	-685	394
618	-691	394
614	-690	393
613	-688	397
613	-688	397
616	-684	393
611	-688	396
613	-693	399
615	-685	393
615	-687	397
618	-688	398
617	-679	389
621	-682	400
611	-684	393
621	-685	394
619	-683	399
616	-680	395
626	-686	400
615	-684	396
621	-683	397
617	-686	395
614	-683	397
620	-681	400
616	-682	401
617	-681	401
620	-685	396
618	-685	395
617	-682	398
618	-681	403
612	-682	397
620	-682	402
613	-684	396
610	-685	396
624	-683	408
610	-684	394
616	-687	403
619	-687	403
612	-689	399
616	-686	405
615	-682	398
616	-686	400
615	-687	399
614	-683	401
615	-687	401
611	-682	398
611	-686	404
615	-689	399
615	-683	398
616	-692	406
612	-686	398
612	-682	401
614	-690	403
608	-680	399
615	-683	405
614	-691	402
610	-686	401
615	-689	402
607	-680	399
618	-680	411
613	-682	399
609	-686	396
616	-688	406
608	-686	396
613	-692	400
615	-681	404
615	-681	404
609	-686	403
611	-688	403
617	-685	404
612	-678	398
614	-680	403
613	-686	408
610	-688	401
615	-684	401
618	-682	400
617	-684	399
611	-686	403
611	-684	405
616	-686	405
611	-688	396
612	-681	399
618	-688	402
610	-682	397
616	-681	405
621	-691	401
612	-683	397
616	-685	409
610	-688	403
614	-686	402
616	-686	402
613	-686	397
613	-685	403
611	-685	399
617	-686	396
616	-686	399
610	-691	400
616	-688	403
612	-679	401
608	-686	397
616	-685	401
614	-681	399
611	-689	394
612	-684	394
614	-686	397
613	-686	401
613	-686	401
612	-685	400
609	-683	402
612	-690	400
613	-680	397
613	-682	399
615	-689	404
614	-682	401
616	-683	397
618	-686	399
615	-688	398
615	-688	400
617	-683	401
613	-687	400
617	-686	402
614	-679	402
617	-685	404
616	-684	400
609	-681	398
622	-687	403
614	-685	399
615	-682	397
621	-687	404
611	-680	397
613	-680	395
616	-684	405
615	-681	401
616	-687	397
622	-680	401
615	-683	396
613	-686	402
617	-684	402
615	-685	396
619	-677	399
616	-682	399
614	-684	400
617	-685	396
615	-689	400
617	-688	401
608	-684	397
607	-679	406
621	-686	402
614	-693	396
614	-686	402
612	-689	400
607	-689	403
612	-679	405
614	-684	398
617	-688	400
607	-685	401
607	-686	403
618	-690	402
610	-690	399
610	-688	404
616	-680	400
611	-681	402
612	-692	406
609	-686	394
613	-683	406
612	-685	405
608	-686	399
615	-685	408
614	-685	403
610	-689	403
615	-684	401
613	-686	402
611	-689	403
613	-683	403
610	-686	403
613	-683	398
615	-683	402
608	-693	408
609	-687	403
615	-686	407
613	-680	402
612	-681	401
615	-686	406
611	-683	395
613	-689	402
616	-684	406
610	-683	398
617	-690	408
610	-681	397
613	-685	397
620	-689	406
611	-683	395
619	-688	403
615	-685	399
611	-688	396
616	-686	397
612	-685	400
618	-691	402
614	-682	395
607	-682	399
616	-689	401
611	-688	394
611	-687	402
613	-692	398
612	-688	395
612	-699	395
614	-685	400
615	-687	397
608	-697	393
617	-665	411
605	-744	362
643	-519	505
695	-273	661
695	-343	617
703	-298	638
708	-283	635
722	-286	641
721	-292	664
713	-309	636
695	-307	617
701	-322	638
718	-304	640
698	-297	633
709	-305	657
705	-302	649
696	-318	647
710	-319	637
705	-307	625
709	-308	646
710	-294	639
697	-301	642
706	-315	659
707	-305	641
695	-309	637
700	-296	648
703	-294	650
711	-305	644
710	-295	631
700	-316	642
705	-306	651
696	-305	644
706	-315	646
709	-289	638
698	-302	644
713	-315	651
703	-302	635
702	-319	650
707	-310	642
699	-301	637
700	-309	647
703	-309	646
705	-309	645
701	-305	639
700	-318	654
709	-307	643
705	-310	634
707	-313	644
704	-306	640
692	-316	643
705	-313	648
708	-315	640
704	-315	640
705	-312	642
704	-313	636
702	-310	634
710	-312	631
711	-318	628
702	-319	636
709	-319	647
705	-315	638
708	-314	630
721	-314	631
711	-320	632
701	-321	634
707	-314	635
712	-315	629
711	-311	624
715	-315	629
720	-319	631
715	-315	626
714	-317	630
720	-314	634
714	-309	624
712	-312	625
723	-317	635
714	-309	617
709	-313	624
724	-308	632
726	-305	616
717	-318	624
717	-313	627
725	-311	628
717	-303	622
720	-312	625
729	-309	624
715	-301	615
719	-317	630
727	-305	627
717	-302	610
724	-309	620
723	-309	631
714	-312	623
718	-313	625
721	-307	623
723	-307	619
719	-309	626
720	-301	625
725	-314	629
718	-315	624
719	-305	618
728	-311	627
723	-303	619
719	-301	621
725	-309	633
721	-304	621
715	-304	621
728	-308	631
728	-302	613
724	-307	618
732	-307	631
721	-301	616
721	-312	626
728	-303	627
720	-303	615
722	-307	618
730	-299	618
729	-307	620
731	-304	619
728	-301	614
722	-308	619
729	-306	624
734	-300	612
733	-309	609
732	-305	612
732	-298	613
734	-306	619
728	-299	611
731	-303	615
738	-304	616
729	-301	608
731	-302	609
740	-298	609
735	-305	611
729	-302	608
732	-299	608
738	-304	611
738	-307	610
734	-303	606
739	-307	607
740	-307	609
728	-298	610
733	-310	616
733	-304	610
733	-300	602
741	-304	605
737	-302	602
730	-305	601
733	-301	611
738	-304	612
741	-303	603
742	-308	604
736	-309	609
723	-305	611
724	-319	618
739	-316	609
748	-304	592
757	-308	600
738	-300	601
723	-294	606
727	-291	609
733	-302	594
751	-313	597
756	-299	600
747	-304	599
745	-302	605
738	-304	605
737	-306	603
740	-304	603
743	-302	597
750	-295	597
748	-299	595
746	-292	598
736	-311	612
746	-309	608
742	-302	588
739	-293	590
758	-279	593
741	-309	593
732	-316	610
741	-314	608
751	-302	600
753	-294	583
747	-295	586
742	-299	610
732	-312	605
734	-301	603
742	-305	599
756	-301	593
757	-289	585
738	-309	595
736	-313	623
738	-299	609
737	-306	588
750	-298	593
740	-280	583
728	-287	602
732	-299	609
742	-308	598
751	-303	601
739	-298	596
742	-306	603
749	-296	593
740	-304	591
745	-308	607
749	-305	603
745	-308	602
745	-301	600
744	-301	596
748	-299	605
742	-306	595
748	-301	598
751	-293	595
738	-305	597
740	-304	609
740	-297	593
739	-303	599
752	-304	601
742	-306	590
743	-307	599
747	-304	606
736	-300	595
745	-301	599
750	-306	602
746	-302	589
742	-305	600
739	-305	599
744	-302	596
740	-302	600
747	-305	596
752	-309	595
732	-307	592
740	-308	606
750	-303	598
744	-313	596
742	-309	601
737	-303	600
743	-312	603
744	-305	588
739	-314	598
749	-311	607
737	-308	592
738	-314	604
750	-306	607
738	-307	591
742	-310	598
744	-303	595
738	-309	593
743	-310	602
739	-307	595
739	-313	598
748	-307	603
746	-306	598
744	-320	610
741	-310	602
743	-298	581
744	-290	582
744	-279	584
748	-295	609
745	-308	618
747	-305	598
749	-312	601
739	-303	586
744	-299	592
742	-299	601
742	-300	597
744	-308	609
738	-308	605
746	-311	601
743	-306	600
740	-305	594
741	-307	605
743	-308	608
740	-309	596
737	-311	599
742	-307	599
739	-299	597
741	-308	605
746	-305	604
742	-309	601
743	-311	595
745	-303	593
741	-308	598
740	-303	594
743	-302	595
746	-309	595
749	-318	598
745	-313	595
742	-307	596
745	-308	594
747	-311	586
750	-313	592
750	-303	583
745	-310	589
751	-314	596
748	-311	585
744	-316	594
749	-310	594
745	-309	587
752	-313	591
751	-309	584
745	-310	585
746	-313	594
745	-309	591
750	-311	586
753	-310	587
746	-309	595
746	-316	590
748	-310	590
751	-304	588
751	-306	585
745	-305	586
751	-305	584
757	-306	595
750	-310	602
747	-312	594
752	-306	592
753	-305	588
746	-302	583
746	-302	588
750	-303	592
749	-304	590
752	-315	589
755	-301	584
747	-306	588
740	-312	595
747	-300	590
755	-306	589
758	-301	590
753	-307	589
741	-317	595
742	-311	591
746	-309	590
746	-304	591
750	-306	590
748	-310	595
748	-305	588
749	-315	590
748	-310	594
749	-306	593
749	-314	594
753	-309	592
751	-308	589
745	-312	586
749	-313	593
744	-308	589
749	-307	590
753	-304	594
745	-310	590
748	-314	593
748	-307	591
748	-310	589
750	-306	593
749	-300	589
748	-308	593
747	-310	597
746	-308	588
750	-312	592
750	-308	596
743	-305	589
750	-307	590
747	-307	587
745	-311	590
750	-313	593
742	-307	588
745	-307	592
753	-313	594
747	-308	589
747	-311	590
752	-316	592
746	-310	585
749	-308	589
752	-306	594
743	-307	585
748	-313	588
752	-310	591
745	-311	586
750	-311	589
752	-308	596
746	-307	588
751	-307	586
749	-312	598
743	-309	587
748	-311	592
745	-305	595
746	-302	588
746	-310	593
744	-308	588
749	-307	588
749	-308	593
754	-306	594
743	-302	585
753	-306	593
755	-313	593
745	-315	590
758	-307	599
741	-300	583
746	-308	588
757	-307	595
740	-308	587
748	-311	591
755	-301	587
747	-303	584
754	-309	595
749	-305	593
743	-307	584
753	-309	588
749	-306	590
753	-307	597
754	-304	595
746	-308	586
753	-311	590
747	-298	584
747	-303	588
758	-302	591
751	-305	584
751	-310	592
751	-302	591
747	-310	590
755	-307	594
750	-304	582
752	-311	587
752	-308	590
745	-312	582
752	-308	588
750	-304	588
750	-313	587
755	-306	589
744	-314	590
749	-315	589
753	-306	586
745	-312	585
751	-310	589
747	-311	592
743	-314	587
751	-311	586
748	-310	584
748	-311	588
749	-309	594
743	-315	590
748	-314	589
750	-307	587
749	-315	585
749	-309	587
745	-312	592
749	-319	595
748	-314	588
744	-313	583
750	-310	586
747	-316	594
745	-315	597
744	-311	590
747	-312	590
750	-311	592
742	-316	591
744	-316	595
747	-311	592
745	-315	592
752	-313	595
741	-315	591
741	-316	597
747	-310	592
742	-313	585
748	-314	596
739	-315	593
744	-318	593
746	-315	592
743	-318	591
749	-317	592
745	-317	592
745	-321	596
743	-314	590
740	-317	590
745	-315	590
745	-318	595
743	-320	594
744	-315	588
746	-319	594
748	-316	592
746	-315	589
746	-314	593
743	-314	589
742	-318	592
745	-319	589
748	-314	588
746	-315	597
740	-321	588
743	-317	591
747	-317	593
747	-320	586
748	-318	590
742	-317	590
739	-318	592
744	-320	594
748	-319	586
752	-315	592
743	-320	590
747	-322	590
746	-319	590
737	-321	586
745	-321	595
743	-316	593
746	-315	590
745	-318	591
743	-317	592
739	-317	591
741	-321	591
750	-320	592
743	-321	592
748	-319	595
746	-312	591
738	-324	593
745	-323	596
740	-319	589
741	-322	591
747	-316	592
742	-322	591
746	-321	596
737	-324	595
739	-331	594
744	-321	588
738	-320	591
741	-326	594
739	-325	585
742	-331	594
740	-331	591
740	-327	587
741	-324	590
740	-325	591
741	-330	590
739	-329	585
742	-331	591
739	-328	590
741	-324	590
739	-328	592
740	-328	590
739	-327	591
737	-333	591
743	-328	591
740	-318	588
746	-327	589
741	-329	592
733	-331	591
742	-333	588
744	-329	590
742	-325	589
740	-318	582
737	-329	591
737	-331	590
736	-331	587
742	-333	597
740	-329	593
730	-332	590
732	-337	595
737	-340	593
740	-341	588
734	-344	601
733	-342	609
734	-329	594
728	-340	588
731	-347	589
729	-338	592
721	-355	611
721	-342	611
722	-343	599
717	-361	598
724	-351	596
725	-353	606
712	-355	622
714	-352	620
702	-349	615
700	-363	624
705	-366	636
683	-360	626
678	-374	622
683	-388	651
671	-388	671
682	-386	669
695	-390	656
679	-346	637
687	-379	654
668	-369	680
674	-346	655
719	-421	641
678	-356	693
668	-357	734
642	-372	697
637	-381	661
604	-357	686
599	-332	670
673	-410	632
612	-420	658
600	-445	674
600	-356	686
599	-354	698
647	-459	656
624	-429	623
599	-414	615
609	-402	616
615	-372	640
634	-374	648
616	-381	644
620	-364	614
669	-396	635
647	-425	680
591	-380	638
623	-402	621
677	-441	653
624	-365	669
641	-383	661
677	-407	671
642	-363	671
636	-385	651
652	-369	682
669	-346	688
649	-362	673
675	-375	694
593	-318	598
729	-376	725
568	-282	550
