A_X [mg] A_Y [mg] A_Z [mg]
-90 	 1145 	 -197
13 	 1171 	 -148
-8 	 1111 	 -145
-10 	 1009 	 -79
-264 	 1090 	 -169
-529 	 1051 	 -302
-198 	 686 	 -80
-231 	 763 	 -108
-55 	 790 	 -81
-136 	 815 	 -106
-228 	 923 	 -90
-96 	 999 	 -88
-225 	 986 	 -37
-275 	 827 	 87
180 	 1080 	 509
-115 	 1344 	 -230
105 	 958 	 -78
174 	 1007 	 -128
135 	 1129 	 36
190 	 1096 	 -370
102 	 1194 	 -217
-101 	 830 	 96
-310 	 958 	 -16
-43 	 1025 	 -23
-115 	 1096 	 7
-297 	 1146 	 -52
-394 	 904 	 157
-487 	 931 	 68
-226 	 1117 	 -44
-113 	 468 	 -133
-252 	 578 	 -101
-119 	 1199 	 -23
-159 	 1446 	 -130
-235 	 1224 	 -13
-6 	 992 	 -45
17 	 1053 	 -76
-79 	 1259 	 -137
-268 	 670 	 -93
22 	 88 	 -72
-68 	 744 	 -184
253 	 1144 	 -408
84 	 1197 	 -260
-30 	 872 	 -218
123 	 1109 	 -243
118 	 1030 	 -288
51 	 1069 	 -342
-36 	 1321 	 -290
7 	 1072 	 -375
16 	 902 	 -274
-76 	 782 	 -239
102 	 477 	 -238
53 	 717 	 -357
36 	 927 	 -361
-97 	 1275 	 -559
-212 	 1206 	 -504
-203 	 850 	 -267
-228 	 850 	 -306
-225 	 858 	 -399
-191 	 1029 	 -446
-238 	 1065 	 -582
-382 	 1165 	 -650
-443 	 1195 	 -484
-123 	 661 	 -267
-331 	 723 	 -428
-233 	 359 	 -600
-205 	 670 	 -579
-291 	 830 	 -588
-346 	 901 	 -497
-218 	 880 	 -563
-291 	 747 	 -558
-246 	 819 	 -468
-262 	 897 	 -319
-160 	 714 	 -316
-39 	 831 	 -285
-126 	 1030 	 -153
-148 	 936 	 -556
-166 	 1036 	 -511
-313 	 1019 	 -534
-112 	 1041 	 -691
98 	 1079 	 -638
-112 	 938 	 -649
-71 	 798 	 -536
407 	 618 	 -437
481 	 472 	 -500
274 	 488 	 -822
183 	 393 	 -735
475 	 148 	 -577
769 	 219 	 -974
860 	 479 	 -1135
828 	 468 	 -982
866 	 650 	 -997
777 	 618 	 -896
733 	 187 	 -251
1208 	 174 	 -188
1297 	 33 	 -134
1066 	 39 	 -57
857 	 76 	 -360
653 	 -60 	 -460
733 	 -282 	 -623
582 	 -190 	 -740
362 	 -453 	 -651
449 	 -521 	 -671
454 	 -332 	 -1129
298 	 -461 	 -1047
405 	 -618 	 -1067
371 	 -456 	 -1131
146 	 -471 	 -892
246 	 -597 	 -871
290 	 -525 	 -985
228 	 -425 	 -1031
214 	 -419 	 -987
208 	 -492 	 -831
179 	 -526 	 -995
140 	 -525 	 -927
103 	 -525 	 -847
107 	 -516 	 -812
121 	 -516 	 -1013
107 	 -437 	 -1026
40 	 -400 	 -771
69 	 -400 	 -745
73 	 -430 	 -864
82 	 -478 	 -888
79 	 -561 	 -742
34 	 -550 	 -792
30 	 -593 	 -872
32 	 -636 	 -774
19 	 -591 	 -729
26 	 -596 	 -834
-47 	 -576 	 -756
-20 	 -560 	 -634
-119 	 -512 	 -994
-102 	 -525 	 -951
-78 	 -576 	 -979
-9 	 -695 	 -766
-123 	 -621 	 -765
-142 	 -576 	 -922
17 	 -542 	 -958
-42 	 -469 	 -823
-68 	 -428 	 -683
-70 	 -442 	 -766
-8 	 -490 	 -584
-4 	 -588 	 -650
-19 	 -696 	 -717
-53 	 -703 	 -700
42 	 -780 	 -768
18 	 -789 	 -639
-146 	 -733 	 -691
-170 	 -680 	 -827
-75 	 -789 	 -743
-90 	 -832 	 -797
-132 	 -691 	 -900
-126 	 -709 	 -948
-21 	 -650 	 -986
77 	 -546 	 -876
32 	 -565 	 -751
-17 	 -580 	 -741
31 	 -741 	 -939
166 	 -672 	 -1461
75 	 -423 	 -1087
-5 	 -400 	 -527
-12 	 -527 	 -501
137 	 -679 	 -766
162 	 -703 	 -919
36 	 -716 	 -1093
107 	 -588 	 -1204
90 	 -539 	 -936
56 	 -425 	 -652
-39 	 -490 	 -458
-21 	 -674 	 -689
114 	 -779 	 -1181
232 	 -627 	 -1418
113 	 -315 	 -917
17 	 -264 	 -507
-24 	 -375 	 -412
81 	 -650 	 -595
298 	 -775 	 -1121
236 	 -683 	 -1293
107 	 -566 	 -1076
80 	 -447 	 -928
93 	 -394 	 -766
100 	 -424 	 -640
125 	 -461 	 -697
126 	 -470 	 -788
104 	 -557 	 -917
99 	 -607 	 -1114
104 	 -519 	 -1216
25 	 -452 	 -1021
35 	 -518 	 -921
59 	 -530 	 -907
39 	 -544 	 -916
73 	 -530 	 -956
120 	 -521 	 -997
71 	 -504 	 -947
54 	 -534 	 -970
111 	 -529 	 -1046
104 	 -517 	 -1021
146 	 -506 	 -1004
176 	 -477 	 -916
169 	 -464 	 -824
128 	 -483 	 -785
152 	 -538 	 -826
210 	 -536 	 -941
173 	 -481 	 -951
160 	 -510 	 -864
130 	 -494 	 -819
119 	 -514 	 -805
110 	 -557 	 -820
85 	 -550 	 -870
40 	 -530 	 -913
62 	 -543 	 -953
76 	 -558 	 -891
49 	 -568 	 -872
23 	 -540 	 -962
-7 	 -553 	 -959
4 	 -565 	 -1027
25 	 -541 	 -1185
16 	 -462 	 -1259
-29 	 -427 	 -1097
20 	 -444 	 -1038
145 	 -494 	 -1090
158 	 -443 	 -992
98 	 -503 	 -758
107 	 -572 	 -778
93 	 -578 	 -822
120 	 -588 	 -937
157 	 -479 	 -1125
159 	 -387 	 -1051
159 	 -436 	 -862
293 	 -488 	 -826
334 	 -545 	 -641
244 	 -623 	 -567
87 	 -711 	 -726
33 	 -863 	 -1022
184 	 -889 	 -1439
283 	 -587 	 -1333
171 	 -364 	 -693
24 	 -393 	 -348
-91 	 -516 	 -320
-126 	 -671 	 -502
-30 	 -756 	 -889
57 	 -821 	 -1267
120 	 -688 	 -1398
114 	 -484 	 -1083
104 	 -388 	 -585
49 	 -449 	 -391
-19 	 -578 	 -456
68 	 -574 	 -733
182 	 -574 	 -1185
223 	 -510 	 -1508
158 	 -427 	 -1171
77 	 -451 	 -684
91 	 -475 	 -625
31 	 -455 	 -702
78 	 -408 	 -872
95 	 -351 	 -962
50 	 -267 	 -936
42 	 -249 	 -826
117 	 -390 	 -641
73 	 -513 	 -635
87 	 -494 	 -963
138 	 -503 	 -1230
85 	 -432 	 -1203
43 	 -347 	 -990
77 	 -375 	 -799
96 	 -335 	 -732
70 	 -343 	 -728
67 	 -305 	 -907
65 	 -289 	 -871
-9 	 -387 	 -772
-7 	 -433 	 -970
79 	 -376 	 -1357
-21 	 -256 	 -1205
24 	 -366 	 -848
100 	 -415 	 -727
79 	 -410 	 -742
-63 	 -457 	 -721
-71 	 -456 	 -977
-11 	 -317 	 -1326
-6 	 -369 	 -1254
137 	 -436 	 -1153
201 	 -430 	 -991
265 	 -497 	 -902
249 	 -419 	 -979
110 	 -380 	 -1046
77 	 -401 	 -1009
17 	 -445 	 -998
-29 	 -557 	 -1005
-30 	 -488 	 -1369
-129 	 -202 	 -1519
-6 	 -209 	 -1063
79 	 -261 	 -589
81 	 -384 	 -453
31 	 -369 	 -847
-21 	 -412 	 -942
29 	 -410 	 -1524
-7 	 -114 	 -1604
24 	 -268 	 -902
143 	 -483 	 -647
182 	 -456 	 -904
247 	 -412 	 -991
160 	 -603 	 -813
101 	 -732 	 -1029
59 	 -720 	 -1407
-38 	 -501 	 -1429
82 	 -525 	 -1032
17 	 -468 	 -827
-17 	 -403 	 -977
-21 	 -369 	 -810
-50 	 -387 	 -851
-60 	 -341 	 -911
-5 	 -393 	 -918
73 	 -519 	 -842
47 	 -553 	 -834
68 	 -559 	 -827
152 	 -586 	 -775
196 	 -713 	 -766
208 	 -704 	 -787
216 	 -624 	 -832
191 	 -630 	 -720
211 	 -622 	 -802
282 	 -560 	 -767
257 	 -566 	 -596
227 	 -586 	 -410
278 	 -580 	 -646
343 	 -594 	 -837
383 	 -624 	 -802
362 	 -658 	 -766
315 	 -656 	 -619
260 	 -591 	 -740
279 	 -542 	 -781
335 	 -650 	 -771
317 	 -680 	 -866
279 	 -658 	 -731
274 	 -579 	 -761
209 	 -518 	 -768
214 	 -559 	 -788
111 	 -605 	 -764
27 	 -629 	 -794
89 	 -600 	 -943
113 	 -798 	 -698
76 	 -922 	 -541
-34 	 -778 	 -630
-79 	 -788 	 -511
-188 	 -794 	 -511
-219 	 -718 	 -738
-141 	 -699 	 -988
-114 	 -729 	 -982
-151 	 -722 	 -859
-93 	 -734 	 -848
62 	 -688 	 -867
78 	 -607 	 -732
35 	 -578 	 -687
45 	 -544 	 -764
92 	 -554 	 -597
70 	 -639 	 -566
108 	 -603 	 -812
205 	 -595 	 -912
262 	 -645 	 -684
270 	 -621 	 -644
302 	 -654 	 -673
225 	 -674 	 -764
199 	 -710 	 -934
199 	 -806 	 -906
109 	 -819 	 -838
-40 	 -677 	 -624
-35 	 -598 	 -656
-65 	 -603 	 -761
-158 	 -601 	 -709
-22 	 -680 	 -636
37 	 -686 	 -819
-115 	 -665 	 -745
-143 	 -693 	 -755
-135 	 -554 	 -864
-102 	 -634 	 -666
-63 	 -663 	 -907
-143 	 -600 	 -974
-191 	 -702 	 -527
-263 	 -709 	 -812
-243 	 -565 	 -958
-137 	 -693 	 -666
35 	 -804 	 -771
7 	 -673 	 -855
21 	 -700 	 -924
-34 	 -581 	 -996
-73 	 -512 	 -719
86 	 -618 	 -717
100 	 -494 	 -862
102 	 -521 	 -757
198 	 -561 	 -729
204 	 -532 	 -743
181 	 -453 	 -792
243 	 -457 	 -792
364 	 -524 	 -845
426 	 -562 	 -763
392 	 -675 	 -639
249 	 -645 	 -747
180 	 -624 	 -859
236 	 -717 	 -850
182 	 -685 	 -854
60 	 -605 	 -914
-22 	 -595 	 -845
-104 	 -564 	 -828
-172 	 -519 	 -892
-202 	 -498 	 -943
-221 	 -495 	 -893
-247 	 -486 	 -947
-262 	 -498 	 -917
-132 	 -561 	 -891
-55 	 -555 	 -993
-52 	 -492 	 -974
-71 	 -489 	 -816
-69 	 -488 	 -850
-49 	 -482 	 -950
-35 	 -485 	 -936
-22 	 -490 	 -899
-19 	 -454 	 -906
-7 	 -482 	 -939
16 	 -482 	 -1028
10 	 -456 	 -1004
-19 	 -379 	 -1000
3 	 -304 	 -1018
49 	 -394 	 -832
66 	 -459 	 -736
55 	 -524 	 -696
24 	 -657 	 -720
9 	 -659 	 -915
-61 	 -646 	 -999
-123 	 -561 	 -1013
-192 	 -526 	 -819
-239 	 -508 	 -740
-277 	 -534 	 -715
-326 	 -468 	 -921
-363 	 -454 	 -927
-415 	 -541 	 -793
-384 	 -518 	 -960
-318 	 -484 	 -1070
-343 	 -435 	 -918
-307 	 -421 	 -759
-205 	 -469 	 -812
-187 	 -505 	 -811
-185 	 -543 	 -848
-216 	 -562 	 -881
-267 	 -622 	 -933
-232 	 -655 	 -1153
-243 	 -642 	 -1091
-241 	 -594 	 -1027
-193 	 -539 	 -977
-120 	 -523 	 -917
-63 	 -468 	 -911
-66 	 -420 	 -797
-55 	 -477 	 -676
-100 	 -503 	 -755
-132 	 -600 	 -750
-201 	 -618 	 -1057
-250 	 -590 	 -1099
-274 	 -644 	 -984
-301 	 -468 	 -1134
-306 	 -449 	 -942
-267 	 -514 	 -870
-186 	 -410 	 -1055
-221 	 -333 	 -889
-258 	 -467 	 -659
-186 	 -568 	 -803
-208 	 -550 	 -1232
-288 	 -375 	 -1256
-187 	 -359 	 -800
-72 	 -480 	 -671
-118 	 -520 	 -702
-153 	 -589 	 -849
-77 	 -622 	 -914
-67 	 -558 	 -928
-129 	 -494 	 -807
-175 	 -607 	 -804
-105 	 -586 	 -865
-61 	 -502 	 -894
-140 	 -470 	 -801
-148 	 -530 	 -674
-71 	 -616 	 -679
-118 	 -636 	 -720
-189 	 -679 	 -923
-175 	 -537 	 -1206
-104 	 -366 	 -1069
-46 	 -315 	 -733
-16 	 -391 	 -564
-61 	 -506 	 -593
-83 	 -721 	 -950
61 	 -620 	 -1623
-70 	 -364 	 -1391
-115 	 -444 	 -883
-20 	 -495 	 -770
-12 	 -487 	 -778
-93 	 -490 	 -789
-68 	 -466 	 -977
-11 	 -348 	 -1029
-50 	 -364 	 -801
-63 	 -425 	 -682
-105 	 -524 	 -667
-42 	 -613 	 -967
-3 	 -561 	 -1383
-63 	 -396 	 -1266
-78 	 -381 	 -884
-46 	 -394 	 -707
-43 	 -471 	 -715
-23 	 -464 	 -950
-133 	 -479 	 -973
-53 	 -509 	 -1086
-26 	 -502 	 -1153
-18 	 -490 	 -1146
41 	 -447 	 -1048
68 	 -405 	 -869
70 	 -414 	 -692
87 	 -517 	 -622
45 	 -560 	 -709
32 	 -576 	 -945
-56 	 -484 	 -1215
-101 	 -428 	 -1119
-61 	 -454 	 -849
-132 	 -511 	 -739
-130 	 -529 	 -953
-92 	 -533 	 -1182
-49 	 -445 	 -1308
-67 	 -341 	 -1140
-20 	 -349 	 -864
21 	 -384 	 -829
54 	 -445 	 -938
131 	 -507 	 -951
120 	 -449 	 -1068
10 	 -315 	 -1182
118 	 -273 	 -1106
209 	 -266 	 -861
172 	 -303 	 -579
135 	 -424 	 -453
4 	 -455 	 -562
-16 	 -512 	 -936
97 	 -481 	 -1481
-49 	 -379 	 -1174
-65 	 -357 	 -807
-104 	 -396 	 -688
-107 	 -484 	 -808
-59 	 -558 	 -1187
-20 	 -447 	 -1577
-107 	 -360 	 -1271
45 	 -443 	 -911
91 	 -496 	 -631
117 	 -447 	 -876
96 	 -364 	 -1034
131 	 -429 	 -915
176 	 -465 	 -895
61 	 -487 	 -946
6 	 -487 	 -1053
103 	 -696 	 -1189
182 	 -347 	 -1738
-30 	 -123 	 -1108
68 	 -297 	 -543
88 	 -407 	 -518
72 	 -541 	 -755
-20 	 -567 	 -1006
-99 	 -477 	 -1263
-54 	 -541 	 -1094
-13 	 -571 	 -991
-49 	 -410 	 -946
-19 	 -265 	 -704
-3 	 -320 	 -657
-6 	 -352 	 -668
-113 	 -378 	 -673
-118 	 -384 	 -907
-33 	 -507 	 -1098
-21 	 -430 	 -1286
-39 	 -363 	 -1161
-39 	 -328 	 -1031
-48 	 -273 	 -991
-18 	 -313 	 -987
-8 	 -408 	 -1005
22 	 -468 	 -1025
65 	 -498 	 -994
77 	 -570 	 -1026
124 	 -489 	 -1143
104 	 -412 	 -927
56 	 -378 	 -777
42 	 -326 	 -798
36 	 -320 	 -834
10 	 -341 	 -904
-48 	 -434 	 -961
64 	 -517 	 -1371
53 	 -285 	 -1267
-33 	 -272 	 -905
-19 	 -382 	 -842
7 	 -518 	 -878
45 	 -483 	 -933
-21 	 -497 	 -895
-28 	 -534 	 -1044
-18 	 -463 	 -1082
33 	 -417 	 -1011
106 	 -407 	 -759
127 	 -338 	 -854
27 	 -290 	 -936
31 	 -353 	 -1100
-167 	 -328 	 -908
-361 	 -376 	 -563
-103 	 -575 	 -796
44 	 -587 	 -1146
-90 	 -502 	 -1117
-93 	 -522 	 -944
36 	 -438 	 -1161
35 	 -350 	 -1150
90 	 -508 	 -849
52 	 -538 	 -835
5 	 -538 	 -908
13 	 -624 	 -691
52 	 -539 	 -1006
106 	 -400 	 -1027
82 	 -499 	 -721
64 	 -578 	 -650
16 	 -424 	 -867
115 	 -398 	 -1009
182 	 -393 	 -1028
155 	 -357 	 -1042
117 	 -429 	 -823
144 	 -509 	 -940
172 	 -399 	 -1077
152 	 -409 	 -997
121 	 -423 	 -1090
109 	 -419 	 -1010
135 	 -491 	 -786
127 	 -448 	 -829
156 	 -412 	 -936
158 	 -431 	 -686
134 	 -484 	 -801
166 	 -432 	 -1035
183 	 -514 	 -836
208 	 -558 	 -975
187 	 -434 	 -1272
213 	 -443 	 -1048
230 	 -515 	 -734
228 	 -467 	 -873
235 	 -421 	 -788
175 	 -474 	 -741
192 	 -496 	 -924
201 	 -515 	 -976
181 	 -568 	 -778
170 	 -546 	 -763
145 	 -480 	 -905
199 	 -467 	 -927
215 	 -458 	 -1009
202 	 -465 	 -846
211 	 -500 	 -904
252 	 -498 	 -955
262 	 -542 	 -1007
197 	 -497 	 -1030
216 	 -610 	 -758
219 	 -614 	 -874
180 	 -540 	 -1015
173 	 -564 	 -947
201 	 -533 	 -980
190 	 -418 	 -750
94 	 -467 	 -447
1 	 -455 	 -730
68 	 -457 	 -849
118 	 -620 	 -881
64 	 -599 	 -1091
13 	 -663 	 -815
79 	 -795 	 -696
140 	 -684 	 -1017
134 	 -608 	 -976
123 	 -595 	 -864
112 	 -540 	 -864
132 	 -617 	 -747
127 	 -640 	 -696
101 	 -584 	 -776
124 	 -604 	 -774
182 	 -619 	 -811
201 	 -588 	 -769
210 	 -574 	 -728
210 	 -591 	 -748
203 	 -597 	 -732
219 	 -649 	 -713
180 	 -629 	 -837
158 	 -697 	 -838
191 	 -695 	 -948
261 	 -676 	 -1024
342 	 -615 	 -919
299 	 -586 	 -687
299 	 -496 	 -675
334 	 -476 	 -749
227 	 -567 	 -775
-62 	 -701 	 -659
-19 	 -700 	 -925
138 	 -601 	 -965
20 	 -566 	 -834
55 	 -442 	 -853
211 	 -327 	 -889
287 	 -580 	 -904
158 	 -363 	 -900
-32 	 -373 	 -1036
34 	 -279 	 -890
152 	 -348 	 -795
167 	 -280 	 -916
118 	 -290 	 -920
174 	 -261 	 -917
220 	 10 	 -1237
208 	 36 	 -1011
95 	 -222 	 -898
229 	 -93 	 -1083
240 	 -8 	 -1029
212 	 -52 	 -932
239 	 -36 	 -1075
243 	 -104 	 -1003
216 	 69 	 -1239
153 	 -10 	 -1168
58 	 -43 	 -1052
66 	 10 	 -1156
9 	 7 	 -1063
-13 	 47 	 -1035
-74 	 -54 	 -785
-139 	 75 	 -955
-45 	 308 	 -1350
61 	 195 	 -1179
196 	 -66 	 -858
244 	 -245 	 -714
366 	 -273 	 -716
432 	 96 	 -1162
610 	 200 	 -1278
695 	 -67 	 -875
644 	 -55 	 -805
538 	 -30 	 -683
542 	 102 	 -623
456 	 109 	 -494
617 	 368 	 -259
779 	 555 	 -21
879 	 708 	 211
786 	 829 	 152
882 	 1117 	 -321
962 	 1334 	 -639
890 	 1250 	 -510
1014 	 1011 	 -444
955 	 932 	 -560
962 	 1028 	 -548
847 	 883 	 -319
491 	 934 	 -403
344 	 960 	 -625
144 	 924 	 -657
-43 	 958 	 -566
-90 	 852 	 -612
-53 	 668 	 -659
-70 	 641 	 -790
-86 	 683 	 -722
-4 	 560 	 -700
-99 	 627 	 -789
-308 	 413 	 -385
-396 	 575 	 -300
-396 	 821 	 -852
-417 	 870 	 -859
-357 	 684 	 -766
-496 	 645 	 -964
8 	 244 	 -461
-568 	 630 	 -915
-668 	 627 	 -761
-436 	 154 	 -385
-824 	 603 	 -1461
-272 	 19 	 -1343
-23 	 410 	 -689
57 	 269 	 -240
-556 	 362 	 -416
-958 	 844 	 -282
-292 	 661 	 -574
-579 	 1195 	 -1443
-471 	 991 	 -541
-298 	 347 	 -161
-468 	 155 	 -489
-747 	 690 	 -566
-183 	 766 	 -745
-394 	 970 	 -1205
-734 	 809 	 -902
-430 	 327 	 -676
-723 	 510 	 -679
-361 	 240 	 -319
-646 	 661 	 -900
-525 	 568 	 -546
-581 	 608 	 -762
-491 	 350 	 -761
-395 	 399 	 -771
-383 	 363 	 -714
-631 	 599 	 -839
-527 	 814 	 -614
-278 	 635 	 -634
-341 	 868 	 -737
-457 	 848 	 -760
-309 	 757 	 -647
-248 	 654 	 -596
-389 	 789 	 -474
-480 	 799 	 -443
-336 	 800 	 -681
-239 	 832 	 -840
-171 	 731 	 -533
-106 	 507 	 -508
-146 	 403 	 -760
-254 	 409 	 -735
-227 	 558 	 -844
-91 	 815 	 -873
-287 	 752 	 -616
-430 	 329 	 -471
-790 	 196 	 -219
-418 	 483 	 -235
535 	 1234 	 -706
-235 	 1427 	 -849
-393 	 990 	 -959
-330 	 1000 	 -576
454 	 771 	 -426
271 	 650 	 -1193
-853 	 1197 	 -579
-357 	 893 	 -330
-320 	 626 	 -677
-382 	 445 	 -272
-129 	 457 	 -367
355 	 1071 	 -829
-62 	 894 	 -389
4 	 890 	 -518
33 	 927 	 -609
-374 	 1007 	 -733
-115 	 1133 	 -789
-4 	 903 	 -322
-411 	 645 	 -630
-378 	 727 	 -679
52 	 854 	 -435
-527 	 856 	 -476
-332 	 1066 	 -744
275 	 998 	 -648
19 	 911 	 -307
-53 	 820 	 -401
-210 	 653 	 -581
-79 	 930 	 -654
-331 	 1169 	 -629
-240 	 969 	 -573
-266 	 680 	 -559
-62 	 644 	 -450
-24 	 614 	 -402
-41 	 625 	 -599
-56 	 847 	 -286
408 	 489 	 -786
97 	 1524 	 -947
-748 	 1272 	 -473
-186 	 924 	 -491
-102 	 939 	 -501
-32 	 664 	 -548
88 	 846 	 -299
150 	 835 	 -139
-230 	 943 	 -298
-27 	 890 	 -346
-446 	 1396 	 -449
-266 	 1497 	 -513
-259 	 1162 	 -194
-333 	 1033 	 -500
-261 	 1172 	 -260
-193 	 879 	 -273
-279 	 555 	 -313
339 	 507 	 -133
216 	 548 	 -39
136 	 1008 	 -115
-26 	 838 	 272
-394 	 692 	 -223
163 	 1083 	 -346
-65 	 1055 	 -207
-237 	 1464 	 -572
86 	 1380 	 -207
-69 	 1158 	 -315
-152 	 986 	 -269
-329 	 815 	 -177
-179 	 764 	 -218
-235 	 727 	 -183
-268 	 929 	 -506
-193 	 1234 	 -426
-233 	 1171 	 -332
-294 	 953 	 -486
-193 	 759 	 -398
-82 	 572 	 -498
-80 	 785 	 -310
-6 	 940 	 -184
15 	 1082 	 -197
-109 	 1060 	 -243
-188 	 1017 	 -403
9 	 943 	 -457
-199 	 787 	 -521
-31 	 801 	 -429
-60 	 852 	 -372
-31 	 936 	 -364
-141 	 1050 	 -308
-436 	 1120 	 -453
-127 	 1046 	 -415
-110 	 873 	 -366
-170 	 904 	 -275
-230 	 845 	 -226
-574 	 660 	 -431
-268 	 787 	 -307
-187 	 943 	 -294
-286 	 923 	 -443
-282 	 938 	 -461
-413 	 872 	 -430
-377 	 1167 	 -635
-60 	 1188 	 -433
-426 	 1020 	 -410
-229 	 1005 	 -424
-183 	 891 	 -484
-147 	 1062 	 -601
-139 	 1084 	 -438
-214 	 956 	 -429
-152 	 809 	 -388
-189 	 609 	 -368
-159 	 708 	 -464
-100 	 966 	 -544
-198 	 1119 	 -629
-135 	 1103 	 -529
-200 	 1146 	 -546
-137 	 1067 	 -509
-330 	 797 	 -466
-265 	 838 	 -433
-247 	 864 	 -363
-195 	 816 	 -387
-274 	 986 	 -438
-247 	 994 	 -473
-157 	 952 	 -489
-134 	 1043 	 -330
-106 	 1008 	 -227
-193 	 890 	 -332
41 	 797 	 -268
-129 	 955 	 -152
-193 	 1047 	 -57
-97 	 1174 	 -44
-133 	 1120 	 -96
-81 	 1105 	 -235
-111 	 879 	 -86
8 	 819 	 -7
-698 	 644 	 269
-382 	 776 	 -22
-122 	 1059 	 -103
-157 	 1060 	 -178
-173 	 1143 	 -186
-197 	 1007 	 -110
-189 	 973 	 -286
-168 	 852 	 -131
-290 	 941 	 -219
-208 	 1104 	 -220
-118 	 1101 	 -336
-86 	 981 	 -239
-55 	 790 	 -262
-156 	 780 	 -397
38 	 1022 	 -413
8 	 1074 	 -222
-161 	 1011 	 -141
-117 	 842 	 -252
-15 	 776 	 -421
-123 	 813 	 -387
-4 	 824 	 -583
68 	 900 	 -677
146 	 950 	 -675
101 	 867 	 -644
14 	 858 	 -760
71 	 644 	 -476
377 	 623 	 -750
81 	 659 	 -708
235 	 713 	 -742
176 	 875 	 -745
229 	 804 	 -980
203 	 699 	 -875
370 	 675 	 -690
197 	 594 	 -541
61 	 749 	 -558
-13 	 651 	 -248
0 	 547 	 -62
86 	 726 	 -379
36 	 626 	 -108
74 	 874 	 -36
227 	 1309 	 -222
138 	 1459 	 -447
203 	 1430 	 -469
318 	 1251 	 -103
248 	 1330 	 46
402 	 880 	 794
316 	 715 	 864
-19 	 856 	 934
-91 	 869 	 1134
277 	 1131 	 509
666 	 1086 	 428
572 	 1167 	 94
403 	 962 	 147
709 	 978 	 -32
851 	 817 	 378
573 	 703 	 349
594 	 767 	 77
724 	 681 	 131
458 	 685 	 -167
554 	 764 	 -52
403 	 818 	 -53
212 	 748 	 -14
67 	 1069 	 214
136 	 1274 	 508
506 	 1233 	 718
401 	 1306 	 466
505 	 1279 	 596
346 	 1082 	 523
-437 	 1239 	 255