STEVAL-MKI217V1 (LSM6DSOX+LIS2MDL)   

A_X [mg] 	 A_Y [mg] 	 A_Z [mg] 	M_X [mG] 	 M_Y [mG] 	 M_Z [mG] 	
12 	 -84 	 999 	58 	 24 	 -151 	
13 	 -86 	 1000 	61 	 27 	 -147 	
14 	 -85 	 999 	60 	 21 	 -150 	
15 	 -83 	 1004 	60 	 21 	 -150 	
11 	 -85 	 1000 	58 	 18 	 -151 	
13 	 -85 	 1001 	52 	 22 	 -159 	
12 	 -88 	 998 	60 	 19 	 -141 	
16 	 -82 	 1000 	63 	 19 	 -151 	
13 	 -87 	 999 	57 	 18 	 -156 	
12 	 -85 	 1000 	57 	 18 	 -156 	
13 	 -87 	 1000 	52 	 21 	 -159 	
16 	 -82 	 1000 	52 	 13 	 -150 	
14 	 -85 	 1001 	60 	 19 	 -151 	
16 	 -82 	 1002 	63 	 25 	 -151 	
14 	 -82 	 999 	63 	 25 	 -151 	
13 	 -83 	 1001 	55 	 16 	 -147 	
9 	 -86 	 1001 	52 	 28 	 -150 	
16 	 -86 	 999 	57 	 13 	 -151 	
14 	 -86 	 1001 	63 	 16 	 -150 	
15 	 -85 	 1001 	63 	 16 	 -150 	
12 	 -83 	 1001 	51 	 18 	 -147 	
11 	 -84 	 1002 	60 	 30 	 -156 	
11 	 -86 	 1002 	58 	 22 	 -160 	
14 	 -82 	 1000 	54 	 24 	 -148 	
10 	 -84 	 1001 	54 	 24 	 -148 	
14 	 -87 	 1002 	51 	 33 	 -150 	
13 	 -84 	 1002 	58 	 21 	 -156 	
15 	 -85 	 1001 	67 	 18 	 -145 	
15 	 -87 	 1002 	58 	 27 	 -153 	
16 	 -89 	 1000 	60 	 19 	 -154 	
14 	 -81 	 1001 	60 	 19 	 -154 	
11 	 -87 	 1001 	64 	 21 	 -150 	
14 	 -87 	 1004 	58 	 30 	 -153 	
17 	 -85 	 998 	58 	 18 	 -147 	
14 	 -79 	 1006 	60 	 22 	 -153 	
17 	 -88 	 1000 	60 	 22 	 -153 	
11 	 -83 	 1001 	57 	 24 	 -150 	
15 	 -84 	 1002 	60 	 24 	 -144 	
13 	 -86 	 1002 	57 	 21 	 -153 	
14 	 -86 	 1001 	64 	 13 	 -148 	
14 	 -85 	 1001 	64 	 13 	 -148 	
13 	 -86 	 1001 	58 	 15 	 -150 	
12 	 -85 	 1000 	51 	 19 	 -157 	
14 	 -82 	 1001 	54 	 31 	 -151 	
13 	 -88 	 1000 	63 	 25 	 -144 	
16 	 -86 	 1003 	63 	 25 	 -144 	
13 	 -89 	 1003 	60 	 19 	 -144 	
14 	 -86 	 1002 	67 	 19 	 -139 	
13 	 -84 	 1001 	52 	 16 	 -148 	
16 	 -86 	 1003 	52 	 19 	 -153 	
12 	 -87 	 1001 	57 	 25 	 -156 	
11 	 -83 	 1000 	57 	 25 	 -156 	
12 	 -88 	 1003 	61 	 21 	 -154 	
15 	 -86 	 1002 	49 	 21 	 -150 	
17 	 -83 	 1004 	64 	 24 	 -150 	
13 	 -84 	 1000 	52 	 13 	 -154 	
12 	 -85 	 1003 	52 	 13 	 -154 	
13 	 -88 	 1001 	58 	 25 	 -151 	
10 	 -82 	 1002 	57 	 19 	 -148 	
13 	 -85 	 999 	58 	 12 	 -153 	
14 	 -82 	 1001 	54 	 16 	 -151 	
12 	 -88 	 1001 	54 	 16 	 -151 	
14 	 -82 	 1002 	58 	 24 	 -153 	
15 	 -85 	 1000 	57 	 25 	 -153 	
12 	 -86 	 1001 	72 	 30 	 -150 	
13 	 -86 	 997 	58 	 24 	 -153 	
16 	 -79 	 1004 	58 	 24 	 -153 	
10 	 -87 	 1004 	55 	 25 	 -148 	
11 	 -83 	 1002 	60 	 24 	 -151 	
10 	 -84 	 1001 	63 	 18 	 -141 	
11 	 -83 	 1003 	63 	 28 	 -147 	
13 	 -91 	 1001 	58 	 21 	 -144 	
14 	 -82 	 1003 	58 	 21 	 -144 	
9 	 -84 	 998 	66 	 21 	 -151 	
13 	 -84 	 999 	67 	 28 	 -147 	
12 	 -85 	 1002 	55 	 30 	 -144 	
14 	 -84 	 1001 	58 	 31 	 -157 	
14 	 -83 	 1001 	58 	 31 	 -157 	
13 	 -88 	 1001 	60 	 24 	 -144 	
13 	 -80 	 1001 	55 	 19 	 -144 	
14 	 -85 	 1001 	54 	 22 	 -151 	
13 	 -85 	 1001 	52 	 21 	 -151 	
10 	 -88 	 1000 	52 	 21 	 -151 	
13 	 -83 	 1001 	61 	 16 	 -159 	
16 	 -85 	 1002 	48 	 27 	 -142 	
12 	 -83 	 1000 	52 	 21 	 -154 	
14 	 -82 	 1001 	58 	 19 	 -157 	
14 	 -85 	 999 	58 	 19 	 -157 	
9 	 -88 	 1001 	51 	 12 	 -147 	
14 	 -83 	 1003 	51 	 27 	 -151 	
13 	 -87 	 1001 	54 	 15 	 -159 	
11 	 -85 	 1001 	61 	 24 	 -138 	
12 	 -85 	 1002 	54 	 27 	 -145 	
12 	 -86 	 1000 	54 	 27 	 -145 	
12 	 -82 	 1000 	58 	 27 	 -156 	
9 	 -86 	 1002 	61 	 25 	 -165 	
12 	 -86 	 1001 	48 	 22 	 -145 	
17 	 -82 	 1001 	75 	 18 	 -154 	
14 	 -85 	 1002 	75 	 18 	 -154 	
17 	 -84 	 1001 	49 	 22 	 -156 	
16 	 -84 	 1001 	60 	 22 	 -144 	
13 	 -88 	 1002 	51 	 22 	 -151 	
16 	 -84 	 1003 	57 	 18 	 -150 	
16 	 -84 	 1000 	57 	 18 	 -150 	
12 	 -88 	 1000 	58 	 24 	 -144 	
14 	 -85 	 1004 	58 	 28 	 -157 	
13 	 -84 	 1000 	58 	 30 	 -150 	
8 	 -85 	 1003 	67 	 19 	 -156 	
16 	 -67 	 1008 	67 	 19 	 -156 	
-20 	 -4 	 1054 	60 	 31 	 -144 	
42 	 -57 	 1014 	55 	 24 	 -157 	
0 	 -5 	 903 	54 	 43 	 -148 	
130 	 3 	 1047 	51 	 51 	 -154 	
108 	 28 	 1005 	48 	 40 	 -138 	
2 	 -35 	 992 	48 	 40 	 -138 	
42 	 -75 	 940 	42 	 30 	 -144 	
-37 	 97 	 1334 	36 	 43 	 -133 	
15 	 -20 	 972 	27 	 39 	 -145 	
-51 	 46 	 1075 	21 	 40 	 -139 	
127 	 -247 	 1733 	21 	 40 	 -139 	
161 	 -53 	 1119 	25 	 31 	 -136 	
252 	 -281 	 1416 	10 	 43 	 -145 	
132 	 -136 	 1216 	-6 	 19 	 -138 	
-106 	 158 	 758 	-1 	 28 	 -138 	
105 	 60 	 841 	-1 	 28 	 -138 	
454 	 -200 	 684 	-19 	 19 	 -145 	
-40 	 134 	 1097 	-27 	 15 	 -133 	
-328 	 118 	 355 	-39 	 9 	 -141 	
91 	 6 	 690 	-40 	 -1 	 -142 	
24 	 101 	 872 	-40 	 -1 	 -142 	
110 	 -96 	 1019 	-43 	 -9 	 -141 	
-13 	 41 	 994 	-70 	 -12 	 -147 	
-30 	 -226 	 1379 	-70 	 -31 	 -139 	
52 	 -65 	 988 	-75 	 -33 	 -151 	
42 	 108 	 756 	-75 	 -40 	 -136 	
-195 	 84 	 1110 	-75 	 -40 	 -136 	
301 	 -10 	 889 	-75 	 -46 	 -139 	
49 	 -21 	 1050 	-87 	 -60 	 -142 	
40 	 15 	 1032 	-106 	 -75 	 -138 	
53 	 8 	 952 	-105 	 -78 	 -138 	
-59 	 -11 	 1038 	-105 	 -78 	 -138 	
69 	 -46 	 997 	-102 	 -75 	 -147 	
-52 	 -24 	 1001 	-102 	 -105 	 -138 	
34 	 -21 	 1002 	-105 	 -103 	 -136 	
39 	 20 	 975 	-111 	 -117 	 -126 	
49 	 -30 	 988 	-111 	 -117 	 -126 	
-16 	 49 	 984 	-111 	 -123 	 -139 	
46 	 -239 	 1110 	-114 	 -132 	 -138 	
205 	 32 	 925 	-111 	 -145 	 -138 	
72 	 -86 	 1181 	-112 	 -160 	 -150 	
-29 	 -3 	 992 	-112 	 -160 	 -148 	
-58 	 43 	 942 	-117 	 -160 	 -148 	
62 	 -103 	 1180 	-124 	 -174 	 -136 	
19 	 1 	 1058 	-108 	 -184 	 -138 	
-15 	 -39 	 998 	-118 	 -183 	 -147 	
-264 	 23 	 998 	-111 	 -198 	 -144 	
-20 	 -13 	 986 	-111 	 -198 	 -144 	
30 	 36 	 943 	-118 	 -198 	 -139 	
56 	 0 	 1056 	-108 	 -202 	 -138 	
1 	 6 	 1000 	-120 	 -195 	 -151 	
9 	 3 	 988 	-112 	 -193 	 -145 	
12 	 -41 	 1033 	-112 	 -193 	 -145 	
-48 	 -24 	 1010 	-103 	 -199 	 -141 	
16 	 7 	 1016 	-106 	 -202 	 -144 	
2 	 8 	 999 	-102 	 -193 	 -154 	
-7 	 2 	 1006 	-105 	 -193 	 -150 	
10 	 -1 	 1008 	-105 	 -193 	 -150 	
-9 	 8 	 993 	-109 	 -192 	 -148 	
-2 	 -4 	 1000 	-112 	 -190 	 -141 	
-3 	 15 	 1005 	-115 	 -201 	 -142 	
-8 	 -2 	 1007 	-108 	 -192 	 -147 	
0 	 -1 	 1007 	-108 	 -192 	 -147 	
-2 	 3 	 1005 	-109 	 -199 	 -145 	
-8 	 2 	 1006 	-109 	 -196 	 -145 	
-8 	 4 	 1003 	-105 	 -189 	 -144 	
-2 	 1 	 1007 	-100 	 -190 	 -153 	
-1 	 8 	 1006 	-102 	 -193 	 -136 	
-4 	 0 	 1008 	-102 	 -193 	 -136 	
-8 	 15 	 999 	-103 	 -187 	 -151 	
0 	 0 	 1008 	-114 	 -186 	 -151 	
0 	 6 	 1005 	-103 	 -189 	 -142 	
-5 	 0 	 1006 	-106 	 -205 	 -153 	
-3 	 7 	 1003 	-106 	 -205 	 -153 	
-2 	 5 	 1006 	-111 	 -189 	 -148 	
1 	 8 	 1005 	-97 	 -205 	 -151 	
-9 	 23 	 1011 	-96 	 -195 	 -157 	
7 	 18 	 1005 	-99 	 -195 	 -148 	
-32 	 21 	 1004 	-99 	 -195 	 -148 	
-10 	 39 	 955 	-91 	 -193 	 -148 	
-18 	 11 	 1036 	-106 	 -190 	 -141 	
114 	 56 	 1112 	-106 	 -210 	 -145 	
-51 	 35 	 1069 	-94 	 -210 	 -147 	
-39 	 22 	 1108 	-94 	 -210 	 -147 	
-25 	 21 	 986 	-106 	 -207 	 -156 	
-75 	 12 	 1026 	-100 	 -198 	 -150 	
0 	 -16 	 1011 	-93 	 -213 	 -159 	
-4 	 21 	 963 	-85 	 -205 	 -163 	
-35 	 44 	 1000 	-93 	 -214 	 -160 	
-51 	 26 	 993 	-93 	 -214 	 -160 	
-38 	 14 	 991 	-97 	 -202 	 -165 	
-32 	 -39 	 998 	-91 	 -220 	 -157 	
-34 	 27 	 1050 	-79 	 -238 	 -159 	
-28 	 -16 	 986 	-85 	 -250 	 -157 	
-57 	 13 	 1020 	-85 	 -250 	 -157 	
-22 	 40 	 969 	-84 	 -238 	 -160 	
-106 	 -6 	 1055 	-82 	 -247 	 -160 	
-31 	 35 	 1070 	-75 	 -258 	 -160 	
-23 	 47 	 998 	-63 	 -264 	 -162 	
-38 	 61 	 1041 	-63 	 -264 	 -162 	
-25 	 55 	 1006 	-54 	 -258 	 -160 	
-48 	 98 	 987 	-61 	 -264 	 -168 	
-83 	 28 	 1043 	-42 	 -262 	 -175 	
-99 	 68 	 971 	-33 	 -265 	 -166 	
-66 	 56 	 1011 	-33 	 -265 	 -166 	
-68 	 15 	 956 	-34 	 -273 	 -174 	
-68 	 75 	 1043 	-25 	 -277 	 -186 	
-96 	 242 	 1040 	-24 	 -291 	 -178 	
-81 	 -5 	 1037 	-28 	 -279 	 -178 	
-17 	 134 	 1076 	-31 	 -258 	 -181 	
-184 	 110 	 916 	-31 	 -258 	 -181 	
-130 	 148 	 912 	-45 	 -225 	 -178 	
-225 	 158 	 990 	-73 	 -193 	 -183 	
-47 	 153 	 1017 	-52 	 -171 	 -174 	
-83 	 142 	 970 	-66 	 -156 	 -166 	
-1 	 -14 	 997 	-66 	 -156 	 -166 	
-269 	 197 	 975 	-67 	 -139 	 -169 	
-38 	 83 	 982 	-72 	 -126 	 -174 	
-249 	 141 	 929 	-58 	 -93 	 -157 	
-241 	 174 	 934 	-48 	 -54 	 -166 	
-328 	 121 	 915 	-48 	 -54 	 -166 	
-249 	 148 	 939 	-4 	 -37 	 -163 	
-364 	 149 	 941 	12 	 -4 	 -166 	
-317 	 103 	 935 	42 	 0 	 -171 	
-383 	 66 	 929 	85 	 10 	 -163 	
-495 	 179 	 1012 	85 	 10 	 -163 	
-503 	 131 	 883 	96 	 22 	 -157 	
-438 	 -38 	 925 	99 	 15 	 -162 	
-480 	 37 	 910 	109 	 19 	 -163 	
-402 	 -54 	 934 	114 	 28 	 -163 	
-483 	 46 	 873 	144 	 33 	 -156 	
-538 	 71 	 863 	144 	 33 	 -156 	
-506 	 -6 	 922 	153 	 25 	 -153 	
-440 	 -73 	 926 	154 	 22 	 -162 	
-460 	 -5 	 901 	163 	 7 	 -165 	
-399 	 -82 	 895 	151 	 -13 	 -178 	
-454 	 -105 	 913 	151 	 -13 	 -178 	
-370 	 -128 	 936 	157 	 -15 	 -181 	
-385 	 -99 	 977 	147 	 -30 	 -177 	
-303 	 -189 	 881 	127 	 -40 	 -189 	
-245 	 -260 	 743 	123 	 -46 	 -178 	
-364 	 -179 	 870 	123 	 -46 	 -178 	
-374 	 -200 	 964 	105 	 -58 	 -189 	
-361 	 -162 	 927 	109 	 -66 	 -190 	
-406 	 -181 	 861 	141 	 -60 	 -193 	
-566 	 -167 	 771 	166 	 -51 	 -186 	
-469 	 -224 	 863 	166 	 -51 	 -186 	
-575 	 -150 	 822 	207 	 -58 	 -178 	
-542 	 -212 	 854 	214 	 -43 	 -175 	
-563 	 -145 	 870 	240 	 -58 	 -163 	
-587 	 -254 	 802 	244 	 -46 	 -171 	
-587 	 -201 	 823 	238 	 -48 	 -168 	
-581 	 -133 	 834 	238 	 -48 	 -168 	
-641 	 -222 	 736 	243 	 -52 	 -159 	
-569 	 -200 	 780 	235 	 -43 	 -159 	
-605 	 -145 	 893 	249 	 -33 	 -153 	
-691 	 -11 	 822 	276 	 -33 	 -142 	
-637 	 -126 	 726 	276 	 -33 	 -142 	
-612 	 -129 	 836 	286 	 -19 	 -132 	
-600 	 -145 	 888 	262 	 -6 	 -135 	
-486 	 14 	 885 	235 	 12 	 -154 	
-413 	 -184 	 922 	183 	 9 	 -165 	
-245 	 -67 	 911 	183 	 9 	 -165 	
-214 	 -26 	 977 	142 	 18 	 -165 	
-214 	 -61 	 963 	103 	 4 	 -171 	
-109 	 -20 	 1038 	69 	 -1 	 -169 	
73 	 -55 	 977 	40 	 10 	 -166 	
110 	 -6 	 980 	40 	 10 	 -166 	
109 	 -96 	 953 	-16 	 9 	 -160 	
221 	 -110 	 919 	-31 	 -6 	 -154 	
132 	 -73 	 991 	-67 	 -9 	 -135 	
330 	 16 	 1037 	-93 	 -3 	 -130 	
280 	 5 	 1043 	-108 	 -1 	 -114 	
310 	 -75 	 907 	-108 	 -1 	 -114 	
446 	 -95 	 898 	-138 	 -3 	 -93 	
485 	 -79 	 878 	-165 	 -18 	 -66 	
455 	 -30 	 881 	-201 	 -1 	 -52 	
656 	 -236 	 873 	-211 	 -28 	 -25 	
552 	 -76 	 752 	-211 	 -28 	 -25 	
645 	 -118 	 781 	-220 	 -27 	 -19 	
452 	 15 	 775 	-234 	 -30 	 -10 	
645 	 -225 	 760 	-255 	 -39 	 -6 	
687 	 -208 	 655 	-253 	 -69 	 9 	
609 	 -242 	 694 	-253 	 -69 	 9 	
682 	 -289 	 704 	-267 	 -70 	 18 	
683 	 -278 	 712 	-273 	 -79 	 24 	
691 	 -328 	 597 	-279 	 -85 	 27 	
588 	 -322 	 585 	-282 	 -111 	 37 	
680 	 -203 	 -42 	-282 	 -111 	 37 	
561 	 -294 	 698 	-286 	 -130 	 48 	
651 	 -458 	 650 	-285 	 -153 	 40 	
716 	 -518 	 508 	-279 	 -174 	 36 	
526 	 -408 	 641 	-276 	 -189 	 39 	
674 	 -561 	 630 	-288 	 -204 	 31 	
524 	 -584 	 591 	-288 	 -204 	 31 	
497 	 -568 	 595 	-270 	 -216 	 24 	
485 	 -635 	 567 	-264 	 -238 	 18 	
425 	 -655 	 590 	-256 	 -262 	 24 	
404 	 -804 	 480 	-252 	 -297 	 21 	
406 	 -799 	 515 	-252 	 -297 	 21 	
392 	 -896 	 377 	-232 	 -328 	 42 	
225 	 -790 	 380 	-213 	 -369 	 54 	
285 	 -1002 	 248 	-217 	 -399 	 72 	
232 	 -917 	 291 	-181 	 -427 	 96 	
173 	 -956 	 233 	-181 	 -427 	 96 	
164 	 -882 	 295 	-181 	 -451 	 93 	
133 	 -1018 	 133 	-162 	 -462 	 106 	
188 	 -986 	 206 	-150 	 -493 	 108 	
63 	 -1033 	 -4 	-124 	 -504 	 99 	
89 	 -1061 	 231 	-124 	 -504 	 99 	
-133 	 -909 	 125 	-94 	 -513 	 112 	
-171 	 -936 	 252 	-103 	 -507 	 109 	
-108 	 -1014 	 95 	-79 	 -520 	 123 	
-172 	 -926 	 143 	-76 	 -529 	 108 	
-184 	 -1001 	 124 	-61 	 -532 	 114 	
-243 	 -963 	 99 	-61 	 -532 	 114 	
-225 	 -980 	 70 	-36 	 -543 	 123 	
-235 	 -1020 	 165 	-19 	 -556 	 138 	
-185 	 -1016 	 100 	7 	 -547 	 127 	
-184 	 -968 	 204 	10 	 -561 	 118 	
-318 	 -1057 	 185 	10 	 -561 	 118 	
-314 	 -959 	 272 	27 	 -553 	 102 	
-275 	 -897 	 154 	27 	 -559 	 73 	
-252 	 -864 	 199 	28 	 -546 	 21 	
-335 	 -828 	 277 	19 	 -511 	 -13 	
-333 	 -853 	 362 	19 	 -511 	 -13 	
-385 	 -881 	 312 	27 	 -490 	 -46 	
-363 	 -890 	 384 	36 	 -493 	 -45 	
-256 	 -933 	 305 	54 	 -504 	 -37 	
-339 	 -920 	 372 	58 	 -517 	 -25 	
-348 	 -924 	 170 	58 	 -517 	 -25 	
-298 	 -932 	 111 	39 	 -534 	 18 	
-370 	 -945 	 182 	25 	 -532 	 33 	
-267 	 -946 	 78 	15 	 -546 	 63 	
-290 	 -968 	 38 	21 	 -556 	 79 	
-253 	 -947 	 80 	31 	 -556 	 105 	
-283 	 -962 	 283 	31 	 -556 	 105 	
-215 	 -1005 	 163 	27 	 -567 	 99 	
-258 	 -941 	 139 	28 	 -564 	 90 	
-317 	 -916 	 225 	33 	 -547 	 52 	
-324 	 -882 	 394 	31 	 -525 	 12 	
-189 	 -899 	 391 	31 	 -525 	 12 	
-249 	 -823 	 527 	25 	 -495 	 -27 	
-278 	 -922 	 531 	28 	 -465 	 -76 	
-203 	 -821 	 475 	13 	 -448 	 -96 	
-221 	 -747 	 638 	12 	 -427 	 -108 	
-183 	 -750 	 602 	12 	 -427 	 -108 	
-164 	 -747 	 653 	0 	 -405 	 -114 	
-222 	 -686 	 738 	-3 	 -384 	 -136 	
-122 	 -698 	 617 	-7 	 -370 	 -136 	
-172 	 -630 	 768 	-16 	 -351 	 -141 	
-122 	 -616 	 822 	-16 	 -351 	 -141 	
-188 	 -522 	 801 	-18 	 -328 	 -156 	
-83 	 -662 	 758 	-30 	 -307 	 -171 	
-123 	 -554 	 813 	-28 	 -294 	 -163 	
-114 	 -556 	 876 	-30 	 -282 	 -174 	
-157 	 -479 	 881 	-28 	 -274 	 -177 	
-121 	 -469 	 892 	-28 	 -274 	 -177 	
-158 	 -476 	 823 	-28 	 -259 	 -171 	
-139 	 -455 	 889 	-31 	 -240 	 -186 	
-135 	 -360 	 949 	-30 	 -232 	 -178 	
-77 	 -381 	 931 	-31 	 -208 	 -186 	
-134 	 -367 	 916 	-31 	 -208 	 -186 	
-137 	 -295 	 902 	-28 	 -187 	 -181 	
-103 	 -261 	 977 	-28 	 -171 	 -190 	
-114 	 -235 	 953 	-33 	 -150 	 -189 	
-123 	 -209 	 972 	-18 	 -147 	 -187 	
-119 	 -172 	 965 	-18 	 -147 	 -187 	
-146 	 -70 	 1051 	-49 	 -141 	 -184 	
-120 	 -184 	 1069 	-36 	 -123 	 -183 	
-125 	 -165 	 988 	-40 	 -120 	 -186 	
-100 	 -132 	 974 	-37 	 -108 	 -169 	
-154 	 12 	 1063 	-37 	 -108 	 -169 	
-48 	 -121 	 993 	-51 	 -82 	 -166 	
-187 	 39 	 1053 	-43 	 -84 	 -175 	
-60 	 -50 	 904 	-33 	 -57 	 -163 	
-179 	 129 	 999 	-30 	 -36 	 -180 	
-154 	 74 	 996 	-9 	 -10 	 -172 	
-208 	 185 	 934 	-9 	 -10 	 -172 	
-207 	 47 	 907 	0 	 3 	 -159 	
-250 	 171 	 956 	15 	 28 	 -165 	
-352 	 252 	 959 	19 	 42 	 -144 	
-370 	 227 	 908 	46 	 54 	 -154 	
-393 	 204 	 900 	46 	 54 	 -154 	
-453 	 212 	 858 	75 	 43 	 -153 	
-505 	 287 	 960 	85 	 52 	 -151 	
-493 	 206 	 835 	94 	 57 	 -151 	
-426 	 7 	 796 	106 	 55 	 -148 	
-561 	 320 	 838 	106 	 55 	 -148 	
-371 	 248 	 796 	112 	 61 	 -144 	
-403 	 360 	 885 	93 	 66 	 -148 	
-437 	 359 	 875 	72 	 51 	 -145 	
-364 	 343 	 853 	66 	 60 	 -145 	
-342 	 342 	 864 	66 	 60 	 -145 	
-327 	 378 	 843 	63 	 61 	 -151 	
-273 	 352 	 881 	37 	 66 	 -151 	
-235 	 341 	 908 	21 	 58 	 -145 	
-297 	 411 	 901 	13 	 57 	 -150 	
-175 	 329 	 899 	-3 	 55 	 -147 	
-171 	 352 	 934 	-3 	 55 	 -147 	
-181 	 334 	 937 	-22 	 46 	 -138 	
-166 	 362 	 959 	-34 	 28 	 -138 	
-129 	 365 	 891 	-51 	 27 	 -138 	
-103 	 341 	 963 	-60 	 34 	 -127 	
-89 	 319 	 961 	-60 	 34 	 -127 	
-15 	 310 	 942 	-81 	 24 	 -130 	
-35 	 292 	 951 	-87 	 15 	 -114 	
-8 	 326 	 982 	-100 	 22 	 -114 	
50 	 282 	 926 	-109 	 19 	 -115 	
49 	 275 	 944 	-109 	 19 	 -115 	
40 	 263 	 936 	-118 	 18 	 -100 	
68 	 218 	 954 	-109 	 7 	 -109 	
73 	 179 	 940 	-115 	 19 	 -112 	
-94 	 198 	 1138 	-97 	 3 	 -111 	
-83 	 186 	 1025 	-97 	 3 	 -111 	
-67 	 84 	 1028 	-88 	 -4 	 -126 	
-79 	 99 	 973 	-76 	 -7 	 -132 	
-82 	 118 	 902 	-73 	 -18 	 -144 	
-33 	 70 	 1000 	-66 	 -27 	 -141 	
-125 	 114 	 986 	-66 	 -25 	 -142 	
-74 	 55 	 1034 	-37 	 -25 	 -142 	
-56 	 55 	 1014 	-48 	 -27 	 -142 	
-87 	 47 	 1024 	-54 	 -24 	 -160 	
573 	 -322 	 670 	-51 	 -28 	 -150 	
-251 	 34 	 1129 	-36 	 -18 	 -148 	
-123 	 23 	 1018 	-36 	 -18 	 -148 	
-82 	 9 	 984 	-39 	 -40 	 -145 	
-42 	 -12 	 1019 	-52 	 -46 	 -156 	
-59 	 -13 	 996 	-45 	 -37 	 -154 	
-34 	 1 	 1030 	-36 	 -49 	 -160 	
-32 	 -59 	 1007 	-36 	 -49 	 -160 	
-10 	 -19 	 1004 	-61 	 -40 	 -144 	
-54 	 -62 	 1001 	-63 	 -48 	 -142 	
-2 	 -14 	 1003 	-48 	 -40 	 -144 	
