A_X [mg] 	 A_Y [mg] 	 A_Z [mg] 	
-264	500	829
-314	633	743
-315	621	727
-130	468	710
-262	497	761
-224	417	766
-250	471	781
-256	505	772
-240	433	761
-217	527	724
-218	781	585
-294	534	529
-351	231	548
-399	-119	619
-471	-366	742
-528	-519	814
-611	-625	874
-627	-583	940
-586	-376	795
-416	63	768
-455	163	997
-410	-153	975
-299	-345	962
-110	10	984
-127	-611	1076
-118	-490	1060
-48	-394	962
-172	-309	1000
-289	-206	1085
-348	-141	1063
-387	-253	973
-337	-121	834
-293	-56	700
-207	-294	813
-187	-423	855
-163	-428	833
-165	-340	893
-178	-214	927
-187	-235	917
-181	-339	886
-188	-378	872
-198	-360	892
-199	-334	898
-183	-334	891
-167	-318	884
-175	-313	896
-195	-302	894
-210	-312	902
-211	-311	899
-208	-312	894
-203	-312	894
-203	-313	894
-203	-316	896
-204	-311	896
-200	-316	894
-199	-323	891
-200	-319	890
-204	-334	896
-201	-331	886
-203	-333	888
-198	-336	887
-192	-337	893
-195	-327	894
-184	-334	903
-188	-331	896
-198	-340	886
-211	-366	883
-197	-345	856
-200	-320	893
-191	-310	899
-181	-298	905
-190	-289	920
-176	-292	867
-201	-295	908
-201	-287	910
-171	-296	923
-147	-361	890
-122	-470	860
-126	-399	867
-160	-370	894
-154	-399	871
-106	-369	838
-138	-390	874
-209	-459	824
-180	-379	851
-193	-329	874
-124	-487	830
-216	-575	821
-252	-333	919
-229	-274	824
-273	-502	848
-224	-548	852
-283	-544	910
-212	-504	802
-176	-445	877
-248	-357	903
-235	-502	874
-155	-457	783
-212	-426	798
-310	-520	792
-417	-385	777
-233	-546	760
-255	-592	812
-255	-587	814
-199	-466	811
-314	-454	862
0	-595	801
-82	-289	883
-80	-320	877
-184	-492	819
-390	-411	879
-372	-211	819
-344	-297	788
-229	-459	845
-172	-542	852
-198	-511	906
-226	-439	869
-134	-556	872
-51	-518	858
45	-505	830
19	-580	920
-24	-329	844
-95	-222	843
-181	-260	879
-194	-389	874
-242	-404	925
-209	-358	936
-139	-320	920
-116	-373	868
-107	-438	882
-88	-430	864
-96	-437	866
-114	-406	850
-144	-403	879
-215	-365	868
-220	-392	920
-176	-274	881
-112	-255	864
-75	-256	894
-159	-374	860
-187	-433	838
-279	-597	858
-264	-554	862
-200	-438	879
-147	-389	872
-191	-410	840
-264	-469	844
-280	-442	851
-284	-377	848
-275	-381	856
-220	-370	805
-228	-462	857
-288	-308	848
-258	-284	902
-242	-328	870
-226	-374	892
-210	-294	904
-216	-217	935
-319	-134	1061
-360	113	1140
-571	164	871
-621	-307	586
-432	-388	429
-397	-1132	439
-203	-1348	200
-68	-708	77
-302	-532	524
-309	-824	469
-201	-1476	264
-268	-1383	248
-482	-1179	362
-593	-875	485
-618	-617	609
-602	-553	696
-605	-585	616
-531	-577	558
-492	-619	594
-428	-618	583
-369	-616	565
-333	-624	565
-306	-628	554
-305	-674	546
-320	-708	553
-341	-757	540
-369	-771	538
-386	-767	547
-394	-756	546
-388	-741	539
-368	-731	537
-356	-732	546
-346	-737	545
-328	-765	571
-362	-698	512
-335	-702	538
-332	-751	533
-327	-765	526
-308	-894	517
-335	-837	523
-356	-794	565
-370	-661	447
-369	-735	477
-388	-790	518
-386	-770	546
-403	-707	590
-370	-716	553
-359	-718	562
-322	-708	538
-306	-795	540
-331	-781	503
-340	-775	503
-352	-768	526
-364	-713	571
-367	-697	577
-355	-701	576
-347	-717	573
-351	-719	581
-356	-710	584
-360	-705	589
-368	-690	599
-374	-674	606
-373	-655	609
-375	-647	619
-365	-653	625
-349	-676	621
-337	-704	609
-326	-704	601
-327	-704	592
-326	-709	595
-336	-710	598
-337	-702	602
-334	-698	607
-326	-704	600
-318	-711	598
-311	-716	589
-305	-727	585
-300	-733	580
-297	-735	583
-295	-735	582
-294	-735	585
-293	-732	583
-291	-736	588
-294	-738	585
-285	-741	582
-282	-744	584
-280	-741	583
-282	-740	583
-278	-745	582
-268	-748	578
-263	-753	577
-266	-752	578
-267	-753	581
-263	-746	580
-261	-747	583
-260	-747	581
-260	-749	580
-263	-744	581
-276	-735	587
-287	-727	594
-290	-724	597
-301	-722	611
-303	-705	608
-307	-711	608
-304	-717	600
-301	-721	598
-297	-724	599
-295	-728	595
-287	-732	591
-287	-726	590
-294	-728	593
-294	-727	590
-297	-730	597
-304	-723	596
-307	-720	600
-301	-722	597
-294	-726	594
-291	-727	596
-293	-727	594
-292	-729	591
-288	-726	590
-292	-724	594
-296	-727	593
-295	-727	595
-297	-724	595
-298	-724	598
-295	-723	597
-293	-721	595
-295	-726	594
-294	-727	594
-294	-726	596
-294	-727	596
-293	-727	594
-296	-723	599
-296	-724	597
-298	-726	598
-298	-726	600
-296	-722	595
-290	-724	596
-288	-725	591
-291	-728	596
-295	-726	600
-292	-727	599
-286	-720	599
-285	-716	599
-286	-723	599
-282	-725	596
-286	-728	596
-292	-726	597
-294	-724	602
-293	-722	601
-288	-722	602
-287	-724	599
-286	-726	599
-287	-726	597
-286	-726	598
-288	-722	601
-288	-720	602
-289	-722	602
-289	-724	600
-289	-724	600
-286	-724	599
-283	-726	597
-284	-725	596
-289	-724	605
-290	-723	597
-288	-726	602
-289	-724	596
-294	-724	600
-294	-721	601
-290	-725	596
-288	-722	599
-289	-720	596
-291	-727	597
-290	-724	596
-291	-726	597
-294	-726	598
-298	-726	600
-297	-723	597
-298	-724	601
-298	-725	597
-294	-725	598
-291	-726	593
-293	-727	597
-291	-726	595
-290	-725	597
-291	-726	596
-294	-732	598
-291	-730	598
-306	-777	604
-307	-773	598
-322	-817	603
-344	-936	596
-339	-1025	623
-344	-1093	624
-199	-1105	567
-98	-1379	447
50	-1191	368
217	-1385	236
371	-1387	96
391	-1162	208
314	-790	162
265	-635	203
212	-455	312
360	-394	236
369	-373	571
348	448	385
581	-1205	401
780	-742	33
938	-779	-35
662	-642	-221
648	-197	63
853	-50	-251
986	2	46
1012	-699	116
958	-321	189
945	-481	234
956	-312	273
975	-385	134
934	-387	74
910	-458	81
907	-416	6
889	-507	40
887	-461	-5
868	-392	48
796	-629	218
834	-451	-160
820	-253	0
878	-481	-4
985	-560	-154
872	-452	0
855	-743	-65
812	-665	30
720	-768	29
573	-689	47
610	-866	-18
566	-1171	19
655	-846	-96
741	-812	-130
800	439	-112
394	885	940
357	-275	1264
1086	-2214	949
340	-359	626
203	-359	750
-65	-385	767
-73	-374	637
-95	-461	586
-256	-590	694
-1127	-1122	2595
56	-268	326
-128	-820	726
-93	-487	1147
-219	-299	832
-250	-310	891
-240	-244	879
-199	-360	865
-156	-440	836
-135	-436	860
-134	-358	891
-123	-379	852
-72	-419	852
-6	-507	834
-93	-482	884
-117	-421	834
-139	-414	864
-119	-366	874
-97	-523	816
-165	-683	844
-92	-562	764
29	-636	778
-85	-547	928
-10	-452	836
-184	-342	858
-290	-253	890
-314	-354	954
-234	-458	788
-216	-421	862
-251	-356	853
-239	-372	830
-227	-515	842
-267	-406	852
-297	-398	816
-281	-505	813
-333	-442	832
-373	-407	825
-381	-470	787
-373	-452	795
-382	-459	736
-413	-491	728
-425	-489	743
-457	-437	759
-454	-363	755
-450	-360	791
-508	-310	755
-560	-344	744
-559	-265	708
-531	-293	712
-588	-329	709
-748	-221	650
-723	-215	629
-542	-466	685
-857	-131	612
-922	-224	522
-810	-205	597
-377	-756	722
-331	-509	797
-826	109	565
-863	-344	532
-586	-564	653
-337	-483	741
-294	-499	766
-405	-480	734
-415	-475	715
-314	-433	828
-236	-336	842
-194	-354	877
-134	-309	869
-244	-276	905
-261	-324	871
-305	-390	878
-299	-361	838
-292	-351	868
-294	-448	886
-331	-457	829
-378	-430	831
-385	-542	1087
-296	-573	1178
-242	-212	1337
-114	-51	1244
12	-342	982
85	-280	809
210	-67	618
287	84	534
187	-137	612
-16	-239	803
-332	8	758
-715	94	1050
-928	-34	1043
-842	-405	998
-1099	-334	1883
-301	105	960
21	25	777
199	234	769
37	30	1078
376	-515	1228
207	-251	880
192	-310	873
189	-299	873
106	-79	984
88	-288	966
70	-228	929
76	-308	929
79	-299	940
70	-343	922
89	-365	917
95	-379	882
182	-230	904
163	-122	948
173	-357	933
94	-466	919
79	-199	916
95	-305	912
105	-316	907
134	-301	895
131	-279	935
114	-293	934
102	-337	977
118	-284	931
92	-155	955
116	-229	934
153	-69	929
171	-117	958
158	-54	956
140	164	947
121	53	976
124	-20	949
134	-61	957
126	42	967
126	10	969
104	-160	953
76	-260	948
51	-274	955
96	-230	953
174	-189	920
207	-194	892
130	-238	935
86	-299	956
81	-271	937
101	-267	944
88	-221	896
88	-336	893
80	-336	960
107	-190	916
68	-196	960
59	-374	925
78	-410	855
22	-605	889
4	-687	840
48	-347	909
60	-354	936
58	-213	927
63	-204	965
15	-149	946
101	-181	922
82	-200	960
116	-201	968
135	-243	927
103	-268	939
94	-294	925
100	-357	897
97	-391	899
120	-422	865
98	-514	891
99	-311	904
115	-290	909
118	-324	896
70	-243	969
75	-160	954
93	-91	959
100	-289	933
113	-293	921
120	-424	924
115	-355	904
103	-364	913
110	-348	916
101	-364	904
114	-366	904
119	-355	897
113	-407	909
109	-369	898
114	-386	884
121	-411	880
124	-413	873
117	-412	888
118	-446	866
121	-474	863
122	-412	874
112	-413	880
122	-422	874
121	-439	868
118	-447	869
122	-445	865
119	-469	860
130	-459	855
123	-498	859
115	-471	860
117	-464	855
114	-467	858
118	-472	856
126	-464	850
118	-467	854
123	-480	852
120	-469	851
121	-466	853
124	-465	850
125	-487	844
120	-473	852
117	-476	851
118	-489	853
123	-459	850
126	-476	848
127	-497	840
125	-498	839
123	-483	847
121	-484	843
127	-488	843
121	-482	848
120	-499	840
128	-481	843
120	-490	848
122	-486	842
119	-489	844
120	-483	847
121	-484	840
120	-497	843
122	-491	844
122	-485	845
121	-483	841
120	-485	842
122	-493	839
122	-485	843
119	-490	845
122	-490	837
123	-485	843
117	-479	851
124	-486	844
120	-493	842
121	-490	844
121	-480	843
120	-483	843
120	-494	845
122	-487	846
125	-479	846
122	-489	843
120	-496	844
123	-495	839
118	-472	853
117	-475	847
120	-486	844
121	-489	849
124	-475	843
117	-482	847
120	-485	844
121	-481	841
120	-479	850
119	-477	851
123	-487	847
126	-502	837
123	-489	848
122	-482	846
125	-489	842
125	-491	847
121	-486	835
121	-492	850
118	-474	841
122	-491	849
124	-492	842
116	-540	831
113	-535	852
95	-502	874
109	-465	865
128	-300	906
161	-294	917
166	-242	930
131	-95	961
156	-115	949
89	-171	952
95	-128	926
101	-7	971
148	20	986
133	-46	960
120	8	981
161	-28	947
81	-96	978
61	-173	1000
87	-130	967
162	-147	924
127	-26	884
315	152	816
-203	-385	1170
52	362	1092
61	-210	902
145	24	1039
93	-290	864
33	122	1089
40	-14	1067
137	-18	878
-46	-161	1044
60	231	1086
73	-30	1031
52	-78	941
179	-147	925
147	259	881
60	-98	1055
132	-80	1021
116	-5	842
110	-230	1043
204	160	888
67	-41	1019
86	-188	965
143	11	937
227	-171	987
225	15	790
104	-60	821
281	274	679
94	111	992
239	-280	930
220	-192	699
242	195	737
-5	-281	1136
134	-133	921
194	-185	926
230	-123	764
85	-41	1072
35	-16	978
98	141	859
47	-283	942
154	58	982
-81	-169	1183
74	125	743
73	-422	1275
176	65	753
10	80	1080
67	146	979
192	27	1082
105	38	893
59	34	946
146	133	904
215	177	760
32	-169	1219
147	-299	677
127	8	1205
123	121	1019
145	-41	963
146	-78	847
131	-37	894
103	-56	1037
135	-72	1055
159	47	853
120	-139	1026
152	-71	1017
148	-115	962
150	-137	915
110	-21	915
134	-42	989
193	-61	956
197	-165	919
204	-98	1015
163	-110	999
161	-45	975
144	-87	960
204	-99	892
150	-118	986
135	-97	1026
146	-64	955
187	-118	932
115	-64	1014
177	-17	940
187	-103	955
184	-130	903
190	-135	960
183	-118	976
179	-146	940
158	-128	991
125	-123	1027
191	-137	955
172	-38	959
198	-156	877
164	-149	982
115	-71	1033
183	24	970
135	-63	959
202	-104	816
162	-188	990
229	-25	885
182	-45	1008
185	-98	1009
168	-103	971
245	-217	904
183	-123	952
181	-86	889
169	-27	948
147	-66	970
188	-9	944
207	-149	944
172	-106	987
171	-91	916
161	-207	922
149	-148	1029
135	-122	938
115	-86	992
105	-58	1000
151	-147	916
210	-102	958
169	-126	945
161	-119	968
153	-117	966
180	-25	955
182	-139	896
188	-122	900
158	-109	1015
182	-87	948
175	-46	940
141	-139	1061
185	-124	927
151	-156	962
172	-91	951
156	-111	950
173	-106	959
227	-191	836
151	-192	965
176	49	944
132	51	993
148	0	966
115	-159	1058
142	-28	941
113	39	935
126	-63	944
145	-7	981
150	122	888
162	-257	984
168	-267	905
175	-369	919
154	-346	907
66	-203	1020
144	-124	936
199	-249	959
214	-265	801
-52	-557	1098
130	-178	867
134	-263	979
139	-264	944
186	-377	900
214	-402	891
92	-119	881
172	-85	892
159	-234	912
117	-284	950
138	-384	940
132	-375	897
138	-300	975
142	-216	911
119	-262	937
124	-244	947
146	-154	933
169	-180	912
159	-191	951
145	-192	948
142	-270	940
141	-239	932
143	-247	932
150	-243	918
89	-391	988
73	-227	955
53	-67	1019
86	-89	990
142	-272	915
194	-421	840
169	-132	976
224	-89	929
276	-88	931
208	132	947
244	-78	991
258	-25	952
222	116	931
208	-112	981
156	26	1052
235	77	934
229	5	879
269	-72	825
262	-50	928
291	-86	882
224	-136	975
116	-123	1067
218	-194	874
149	-250	968
41	-188	966
59	-226	1010
19	-207	1017
81	-176	952
140	-118	1026
145	-214	960
68	-143	946
150	-30	885
167	-117	1047
162	-68	893
64	-210	984
129	-190	949
162	-167	985
177	-70	810
118	-190	975
150	-61	806
163	-31	946
98	20	1059
9	-240	974
-14	15	992
45	-87	1012
132	23	851
90	-116	965
53	-216	967
124	-99	934
92	-92	925
1	-201	1024
60	-123	984
84	-162	966
71	-202	976
81	-164	948
-5	-117	1021
50	-75	957
55	-255	1022
154	-147	895
149	-176	772
-1	-330	1059
105	-72	974
164	-92	910
96	-2	973
24	-209	993
70	-74	950
72	-215	973
91	-212	952
102	-226	940
15	-174	982
22	-233	990
91	-173	905
94	-266	967
7	-235	1064
117	-162	822
62	-139	1025
112	-117	964
127	-91	945
155	-176	940
138	-73	925
145	-110	936
166	-104	959
145	-98	941
50	-177	1049
127	-126	949
150	-274	886
92	-314	932
16	26	1078
133	-111	912
88	-212	1025
195	-233	901
148	-379	926
127	-85	922
91	105	998
132	-153	949
95	-147	986
111	-220	966
100	-189	969
105	-150	954
111	-141	953
120	-185	959
119	-209	934
128	-150	928
146	-246	954
218	-275	944
220	-249	892
190	-333	796
-78	-616	1122
148	-200	915
168	-384	835
128	-257	976
76	-274	902
52	-379	967
116	-285	953
135	-362	888
162	-330	908
194	-408	823
-55	-79	994
52	-314	1014
210	-416	991
252	7	554
-31	-372	1121
-28	-548	985
124	-328	906
164	-387	958
200	-317	881
134	-304	863
33	-386	946
102	-274	927
171	-336	997
170	-137	749
-10	-318	1147
41	-334	1054
155	-100	897
172	-272	974
234	-356	857
260	-343	913
248	-183	806
-72	-176	1093
128	-164	931
197	-232	974
242	-145	859
241	-240	962
190	-192	909
-16	-182	852
74	-128	919
133	-397	971
288	-130	960
268	-242	916
221	-165	910
-98	-111	964
151	98	807
86	-510	1094
145	-292	1053
176	-128	597
27	-528	971
184	-418	1220
336	-5	574
150	-74	840
179	-244	802
186	-396	1278
233	29	552
-48	-504	1205
104	-397	1183
310	57	800
95	-242	839
113	125	832
293	-383	989
233	-21	605
-1	-270	1159
324	-411	1084
218	61	667
36	-921	1279
233	-488	967
447	110	732
-268	-703	1344
139	7	834
307	-180	944
-205	-1133	1123
75	733	808
183	-616	1213
233	-144	588
183	786	1230
118	-889	788
276	-262	555
-81	-547	1674
59	-497	859
252	-468	847
118	-213	950
164	133	1158
213	-327	892
264	51	748
-46	-189	1457
5	-344	819
319	-104	743
-101	-766	1243
70	34	776
276	-155	1004
113	-30	763
227	566	879
186	-451	832
248	-141	816
196	305	939
157	-349	805
365	-59	920
343	-196	845
66	-292	887
-119	-209	1135
0	-238	1001
-19	-332	945
52	-226	953
70	-98	952
109	-249	923
114	-240	931
80	-121	907
30	-236	969
86	-133	921
40	-65	961
65	-438	913
75	-325	885
80	-443	868
119	-593	794
118	-362	835
122	-309	912
10	-108	1008
86	-478	888
83	-368	904
86	-379	988
109	-370	885
158	-249	765
3	-257	978
129	-272	863
205	-337	928
333	-359	807
-45	-274	1097
172	-249	975
195	-310	817
-47	-514	991
-28	-294	935
-114	564	1037
61	-175	1006
92	-414	986
186	-284	812
13	-421	1029
-4	-483	988
98	-108	889
93	-363	893
91	-477	883
98	-423	888
93	-399	865
109	-465	868
122	-450	867
142	-520	815
142	-538	806
111	-526	839
89	-506	852
101	-467	850
119	-484	836
122	-494	830
106	-524	839
97	-514	823
99	-515	842
109	-497	843
114	-587	856
109	-385	795
98	-522	854
126	-494	826
109	-542	842
126	-484	832
119	-504	837
112	-514	841
92	-544	835
105	-490	846
107	-430	850
124	-505	819
106	-537	824
90	-501	832
100	-534	852
111	-478	830
122	-499	834
113	-505	839
96	-497	830
108	-517	838
116	-510	822
98	-527	824
92	-548	844
109	-500	814
109	-498	832
108	-520	836
108	-511	821
103	-532	827
100	-522	831
105	-512	825
104	-524	832
110	-516	817
111	-529	824
109	-514	826
106	-517	824
102	-538	834
105	-525	824
105	-530	825
107	-527	830
104	-517	825
106	-536	832
108	-513	819
106	-526	829
107	-512	831
108	-508	824
107	-522	829
111	-521	827
108	-519	822
109	-524	826
108	-521	831
108	-514	823
107	-521	829
111	-515	827
107	-518	824
105	-531	833
109	-514	825
105	-520	825
108	-526	828
107	-512	830
108	-519	827
106	-519	831
107	-520	827
107	-530	827
105	-526	827
106	-514	826
107	-523	825
106	-525	825
106	-523	829
106	-516	828
106	-523	827
108	-522	827
108	-523	823
106	-536	825
104	-528	826
107	-523	826
109	-520	826
102	-520	828
106	-525	830
105	-512	824
108	-518	825
110	-530	830
102	-517	830
111	-512	823
112	-525	826
113	-521	828
108	-520	826
107	-518	827
109	-513	829
107	-513	829
108	-523	824
109	-516	828
106	-516	829
107	-525	826
108	-520	828
107	-517	828
107	-526	828
109	-519	827
111	-519	827
108	-520	826
107	-521	828
108	-525	820
106	-518	829
106	-511	828
107	-518	834
110	-514	830
109	-515	829
110	-513	833
109	-508	831
110	-511	830
109	-510	833
106	-511	833
111	-511	833
109	-504	828
102	-523	836
108	-507	831
110	-515	832
106	-513	838
108	-503	828
110	-511	832
108	-511	834
106	-510	835
108	-504	834
116	-511	837
117	-508	832
117	-499	835
107	-505	831
105	-517	841
107	-508	841
113	-499	832
110	-511	837
108	-499	828
101	-515	846
107	-500	833
112	-506	833
121	-503	836
107	-498	838
108	-509	834
124	-498	832
112	-503	835
105	-508	838
106	-500	838
107	-502	841
111	-498	823
112	-503	832
104	-514	845
107	-502	837
111	-511	835
110	-500	838
110	-502	836
108	-495	841
111	-505	832
112	-505	839
110	-487	839
109	-513	838
113	-496	836
107	-508	836
109	-501	837
109	-501	835
110	-492	838
108	-506	837
111	-503	836
113	-488	838
110	-507	834
109	-502	842
111	-499	838
108	-501	834
114	-493	837
112	-500	841
108	-504	838
106	-520	838
110	-492	834
108	-500	835
113	-503	843
108	-492	836
107	-506	839
108	-500	838
109	-502	837
111	-503	838
108	-498	841
111	-497	838
111	-500	836
109	-499	840
108	-497	838
107	-498	838
110	-499	838
109	-501	838
108	-501	835
108	-500	837
107	-506	839
110	-493	836
110	-493	841
113	-499	837
110	-498	841
108	-502	838
109	-503	839
110	-491	851
112	-497	843
109	-492	838
114	-492	838
108	-505	839
110	-495	837
113	-485	839
109	-498	840
111	-503	838
111	-495	842
109	-496	841
111	-499	838
110	-497	841
108	-493	841
110	-495	838
108	-495	841
109	-497	842
112	-488	838
109	-499	842
108	-497	842
111	-491	840
110	-497	840
112	-498	841
113	-495	838
109	-495	840
109	-495	845
109	-502	849
116	-493	832
113	-486	842
108	-490	844
109	-492	839
110	-497	842
110	-493	841
111	-491	839
109	-499	844
109	-492	841
110	-494	839
111	-498	841
111	-497	841
110	-495	839
109	-495	842
109	-497	840
110	-491	839
109	-496	842
108	-493	837
107	-498	844
111	-492	838
111	-497	839
110	-496	843
109	-499	837
109	-494	842
108	-499	837
109	-501	838
111	-505	844
111	-490	834
107	-497	845
111	-484	840
108	-497	837
111	-500	846
107	-489	839
112	-501	844
118	-484	843
110	-487	841
108	-482	843
120	-481	846
116	-482	832
104	-492	845
111	-511	819
115	-512	824
100	-514	844
103	-519	836
109	-509	823
101	-529	833
96	-531	828
95	-528	826
102	-505	832
95	-542	833
87	-557	817
78	-531	825
27	-506	837
-114	-617	893
-269	-826	841
-492	-846	863
-603	-538	757
-832	71	613
-711	-447	872
-165	-12	594
-301	-390	741
-104	-679	741
-122	-153	853
-110	-78	887
-383	-786	1083
190	-1844	1700
1020	-1072	1191
69	-101	156
-513	-367	253
-505	23	1554
-870	-559	960
-649	-291	435
-491	-126	472
-869	-962	391
-875	-854	59
-983	256	174
-389	-365	739
-414	-290	437
-1206	-241	-10
-1357	-712	-80
-891	-412	220
-684	-575	506
-947	-630	235
-1074	-787	228
-915	-499	388
-667	-649	520
-630	-146	514
-914	-268	590
-2214	265	-97
-1617	-1071	-128
-914	3652	-623
-1053	1916	253
-695	-658	129
-768	-325	-97
-690	-767	-181
-638	-502	-63
-567	-347	15
-606	-269	-84
-781	-467	0
-979	-555	32
-938	-603	3
-879	-437	42
-862	-365	22
-831	-414	26
-818	-772	-15
-697	-1028	136
-653	-857	99
-623	-674	202
-684	-590	350
-811	-517	343
-911	-336	285
-902	-190	256
-838	-118	258
-791	-99	241
-799	-211	219
-888	-301	199
-1074	-392	137
-1421	-408	-51
-1843	-566	-198
-1423	-674	-311
-1165	-1015	-9
-928	-883	-65
-672	-788	-137
-644	-679	-184
-693	-599	-157
-716	-435	-73
-678	-319	7
-633	-394	56
-668	-473	59
-765	-567	72
-869	-647	115
-1023	-766	261
-1617	3424	1862
-816	867	742
-759	-62	449
-802	-203	234
-707	-264	85
-683	-429	82
-742	-595	131
-856	-642	154
-1611	-1075	386
-1414	-679	224
-851	-105	183
-800	69	127
-766	-217	76
-1022	-179	121
-1032	-391	246
-967	-432	181
-932	-353	31
-836	-304	-45
-805	-323	-36
-809	-421	3
-806	-524	57
-793	-499	70
-781	-403	68
-785	-330	90
-800	-277	115
-863	-264	126
-985	-335	172
-1240	-385	143
-1647	-511	221
-908	-422	190
-757	-521	373
-822	-595	305
-926	-670	188
-1017	-447	124
-836	-476	142
-690	-528	169
-649	-602	231
-760	-580	296
-938	-351	302
-1014	-295	262
-957	-204	110
-928	104	146
-814	-55	171
-776	-277	163
-779	-459	134
-807	-490	68
-1060	-501	40
-1335	-695	219
-904	-702	264
-675	-447	69
-927	-401	6
-1124	-449	49
-1212	-378	189
-1034	-203	146
-855	-138	57
-802	-233	22
-856	-380	34
-888	-449	57
-893	-446	108
-967	-381	112
-1120	-324	115
-961	-265	234
-682	-195	292
-622	-229	213
-801	-357	307
-855	-342	385
-777	-353	433
-771	-265	344
-712	-374	375
-793	-387	327
-796	-379	285
-847	-440	317
-957	-406	322
-1018	-319	295
-1209	-204	205
-1412	-185	168
-1276	-278	253
-997	-363	201
-1022	-410	159
-1143	-390	111
-1106	-300	104
-1081	-263	114
-1107	-263	52
-1135	-306	35
-1061	-338	79
-883	-305	63
-687	-259	26
-511	-211	7
-443	-199	6
-466	-282	61
-604	-367	111
-775	-396	128
-1052	-406	109
-1280	-418	42
-1366	-534	-15
-1913	-844	-37
-1109	-596	169
-802	-696	418
-842	-778	415
-772	-692	361
-536	-300	393
-516	-111	445
-595	-65	507
-720	-156	539
-750	-252	515
-708	-324	449
-734	-335	404
-787	-308	391
-838	-309	359
-1075	-338	266
-1531	-550	477
-1203	-537	480
-1113	-369	194
-1299	-146	244
-1345	-60	185
-1205	-215	129
-1026	-374	123
-910	-417	99
-832	-396	68
-729	-295	73
-638	-195	66
-592	-145	70
-595	-151	87
-651	-182	113
-766	-202	138
-962	-202	108
-1540	-235	-6
-2023	-555	-18
-1388	-822	127
-1147	-1310	230
-1120	-744	55
-1064	-434	17
-936	-450	-15
-643	-554	1
-537	-514	29
-505	-485	90
-509	-489	161
-549	-568	237
-629	-691	366
-743	-759	433
-940	-700	427
-1085	-485	345
-1120	-387	269
-1507	-533	231
-1351	-370	463
-802	-440	142
-979	178	-167
-1186	173	159
-1384	-126	300
-1324	-359	203
-1126	-336	9
-931	-248	-50
-835	-302	-29
-767	-352	-60
-730	-429	-63
-718	-440	-40
-676	-405	20
-669	-320	54
-693	-237	82
-878	-199	61
-977	-305	163
-822	-400	337
-903	-564	530
-1180	-516	361
-1306	-321	205
-1301	-70	271
-1118	-153	318
-895	-299	325
-777	-488	358
-697	-574	343
-689	-516	336
-727	-297	329
-767	-338	313
-836	-362	339
-950	-456	296
-1020	-445	231
-1174	-481	167
-1474	-735	373
-908	-612	288
-971	-484	190
-1320	-309	87
-1468	-106	33
-1295	-106	17
-1032	-250	48
-859	-381	39
-775	-420	-2
-721	-368	-12
-640	-281	0
-525	-225	31
-455	-174	29
-477	-161	10
-633	-242	53
-877	-334	107
-1542	-476	114
-1930	-928	464
-1239	-1128	684
-817	82	319
-977	-185	205
-1178	-313	144
-1188	-411	157
-829	-325	94
-573	-353	2
-537	-479	-34
-596	-680	48
-707	-774	166
-801	-712	212
-893	-613	212
-1152	-281	452
-888	662	623
-916	144	434
-868	-242	317
-809	-378	169
-845	-471	87
-1259	-745	257
-1173	-862	418
-718	-480	209
-717	-184	124
-1001	-259	77
-1235	-303	170
-1229	-303	233
-1114	-311	209
-970	-269	112
-848	-312	58
-830	-363	50
-840	-349	59
-784	-284	93
-696	-222	102
-651	-177	85
-669	-188	89
-731	-261	126
-972	-286	98
-1512	-461	198
-1331	-517	272
-1139	-568	336
-1053	-782	237
-1095	-507	114
-1095	-393	91
-1004	-361	71
-746	-462	38
-594	-524	-1
-578	-568	44
-628	-597	99
-716	-575	137
-796	-616	208
-1016	-511	571
-823	1053	1083
-805	262	639
-896	-427	491
-857	-558	219
-1013	-565	151
-1457	-872	393
-945	-451	212
-736	-137	162
-907	-169	108
-1196	-337	148
-1230	-411	154
-1151	-351	97
-988	-280	78
-850	-300	35
-803	-405	21
-812	-447	54
-783	-349	74
-722	-255	94
-661	-159	93
-643	-128	87
-713	-207	120
-829	-284	157
-1098	-346	156
-1715	-459	187
-1764	-620	260
-1072	-649	335
-786	-342	187
-912	-668	141
-1010	-697	95
-922	-584	40
-687	-390	54
-519	-357	58
-556	-496	72
-714	-638	126
-859	-627	174
-1024	-650	462
-931	1295	962
-909	982	491
-862	-297	395
-884	-238	205
-792	-391	129
-770	-399	134
-1205	-566	247
-1050	-549	334
-814	-366	166
-794	-254	166
-897	-314	184
-1044	-375	208
-1093	-369	181
-1045	-275	97
-1008	-254	69
-942	-272	49
-863	-310	22
-866	-352	20
-883	-358	31
-872	-326	28
-851	-285	14
-825	-301	29
-862	-352	50
-885	-378	75
-966	-378	112
-1047	-438	121
-1428	-572	30
-1238	-539	88
-939	-560	146
-861	-545	176
-919	-533	130
-844	-345	95
-859	-262	165
-707	-478	150
-724	-344	254
-614	-343	299
-699	-384	208
-770	-331	238
-963	-326	303
-1181	-370	425
-1413	-31	563
-1186	-394	529
-888	-323	328
-696	-475	229
-704	-373	287
-728	-500	286
-726	-497	351
-660	-320	374
-726	-210	561
-677	-442	561
-583	-181	424
-501	-549	550
-305	-824	539
-431	-240	492
-490	-574	599
-503	-659	695
-507	-524	595
-845	160	447
-685	-663	668
-782	-546	734
-630	-448	825
-547	-457	725
-469	-401	611
-521	-362	613
-579	-401	664
-599	-347	651
-619	-360	619
-637	-408	654
-604	-428	675
-579	-459	723
-541	-398	676
-553	-394	677
-564	-408	699
-567	-404	692
-567	-403	708
-540	-391	707
-526	-387	708
-525	-385	709
-531	-411	714
-558	-419	716
-567	-406	687
-572	-390	667
-577	-404	669
-581	-387	676
-574	-401	661
-595	-403	676
-594	-397	670
-593	-386	663
-590	-386	660
-590	-377	647
-592	-356	653
-604	-389	666
-607	-379	651
-601	-376	646
-600	-386	651
-605	-392	650
-609	-378	642
-604	-381	648
-603	-388	661
-599	-383	654
-600	-387	649
-603	-391	658
-601	-392	663
-599	-396	667
-594	-394	667
-595	-391	669
-590	-389	660
-592	-381	658
-592	-396	666
-589	-386	664
-585	-383	666
-587	-392	680
-588	-396	690
-584	-377	690
-580	-357	677
-587	-355	654
-571	-358	650
-572	-371	688
-571	-363	701
-564	-362	706
-569	-368	704
-580	-378	696
-596	-391	710
-600	-419	716
-576	-407	675
-569	-393	635
-546	-386	608
-516	-348	561
-563	-357	641
-633	-420	757
-645	-454	764
-597	-405	701
-529	-345	627
-514	-350	609
-566	-377	645
-615	-436	713
-611	-453	690
-572	-421	646
-552	-393	655
-548	-408	669
-548	-430	694
-550	-439	700
-542	-438	683
-554	-435	670
-548	-460	659
-558	-457	661
-557	-474	679
-560	-480	696
-560	-492	671
-570	-447	630
-584	-419	615
-581	-444	613
-595	-444	614
-593	-431	618
-585	-439	636
-573	-456	657
-571	-447	653
-556	-456	668
-537	-449	662
-530	-437	677
-518	-438	693
-513	-437	709
-511	-438	718
-523	-451	733
-529	-384	707
-525	-407	713
-515	-393	718
-511	-387	716
-505	-408	723
-510	-393	719
-510	-390	708
-514	-382	698
-524	-382	710
-530	-382	707
-542	-401	717
-542	-415	713
-530	-412	700
-531	-417	702
-544	-407	686
-552	-411	680
-556	-423	672
-573	-432	672
-564	-411	648
-561	-412	651
-580	-414	662
-604	-427	660
-614	-433	641
-614	-454	635
-611	-448	629
-607	-443	620
-615	-424	619
-608	-437	628
-603	-431	643
-592	-423	653
-582	-425	660
-576	-408	658
-577	-410	665
-588	-404	654
-584	-397	639
-582	-398	655
-574	-385	663
-577	-394	682
-582	-395	684
-583	-395	676
-579	-382	670
-577	-383	676
-572	-385	684
-582	-392	687
-587	-376	657
-581	-371	657
-583	-380	659
-575	-391	677
-570	-389	678
-571	-402	688
-552	-407	691
-533	-404	677
-541	-413	691
-543	-424	708
-523	-418	698
-533	-412	688
-588	-412	647
-654	-444	628
-647	-460	685
-486	-394	695
-413	-404	733
-450	-443	765
-532	-402	720
-588	-356	665
-595	-335	665
-584	-348	736
-597	-406	778
-580	-384	699
-580	-354	651
-616	-401	707
-641	-396	738
-612	-296	635
-565	-43	589
-518	-24	562
-524	-30	536
-428	-349	620
-494	-233	494
-479	-561	232
-527	-589	272
-691	-438	208
-936	-551	125
-1100	-836	60
-1165	-823	136
-1110	-485	28
-1049	-596	213
-1044	-427	297
-1079	-488	340
-1225	-549	348
-1162	-470	234
-958	-388	136
-802	-228	88
-702	-159	40
-711	-181	-21
-788	-255	140
-842	-319	323
-934	-288	298
-966	-472	162
-952	-742	282
-958	-599	212
-952	-462	312
-873	-294	279
-834	-228	339
-767	-107	358
-788	-239	379
-819	-233	435
-847	-268	473
-855	-208	452
-888	-159	450
-852	-408	439
-895	428	234
-1088	-371	407
-1047	-314	447
-964	-319	392
-730	-275	354
-859	-183	319
-889	-286	254
-983	-301	243
-945	-237	160
-962	-117	139
-925	-185	144
-916	-405	189
-655	-193	282
-746	-219	244
-817	-251	291
-847	-215	366
-939	-85	386
-855	104	317
-1015	76	290
-981	187	241
-985	64	217
-935	-127	160
-874	-326	145
-834	-429	160
-801	-462	159
-947	-464	144
-1106	-545	232
-879	-531	213
-760	-512	148
-822	-499	144
-984	-482	152
-1067	-400	117
-1009	-244	27
-891	-227	14
-896	-296	-3
-1008	-420	15
-1011	-486	32
-888	-433	3
-827	-363	20
-854	-366	48
-877	-380	33
-898	-403	57
-913	-403	115
-862	-378	129
-828	-341	125
-850	-326	130
-902	-340	144
-943	-342	120
-1100	-355	0
-1481	-478	-17
-881	-505	-115
-717	-630	105
-758	-689	153
-821	-584	71
-912	-428	49
-928	-233	68
-912	-210	112
-843	-317	127
-850	-398	174
-849	-383	190
-896	-435	223
-903	-409	306
-931	-213	352
-981	24	368
-999	7	478
-761	-378	415
-690	-511	281
-765	-483	205
-831	-453	175
-845	-438	138
-872	-522	149
-969	-480	135
-991	-473	74
-954	-440	54
-929	-397	38
-925	-399	52
-868	-372	45
-848	-391	18
-860	-386	33
-915	-271	42
-936	-457	88
-957	-228	100
-940	-450	85
-923	-237	49
-907	-364	-39
-1010	-529	-80
-1021	-267	50
-933	-305	92
-923	-331	51
-980	-440	33
-960	-458	-52
-909	-499	-56
-844	-407	-99
-822	-429	-74
-828	-390	-71
-879	-397	15
-869	-494	40
-839	-477	9
-847	-537	47
-870	-577	65
-878	-582	19
-914	-589	23
-899	-542	47
-856	-406	51
-899	-413	-1
-957	-445	36
-958	-376	11
-904	-304	-7
-825	-431	17
-754	-507	40
-777	-591	50
-851	-576	70
-880	-518	94
-872	-443	107
-877	-407	107
-885	-390	115
-891	-407	137
-900	-457	169
-938	-398	202
-987	-156	309
-1030	122	319
-1049	67	288
-1035	-102	214
-1011	-142	176
-894	-288	116
-848	-432	114
-813	-317	127
-776	-367	148
-786	-377	148
-868	-366	170
-913	-362	196
-935	-323	214
-942	-281	219
-947	-279	217
-935	-235	177
-928	-274	193
-921	-255	187
-875	-179	159
-882	-217	301
-895	-7	243
-924	-156	194
-897	-289	483
-891	-423	646
-948	-491	725
-933	-701	862
-963	-754	980
-968	-931	931
-1055	-1027	735
-1213	-1162	520
-1341	-1291	394
-1520	-1531	363
-1809	-1884	381
-1947	-1432	339
-3860	-909	-323
-1015	1027	-83
-482	2063	-152
-327	727	460
-81	-308	805
-104	-583	940
126	-721	920
178	-558	869
166	-264	849
103	-181	918
68	-172	909
23	-261	840
-30	-31	645
-203	94	466
-427	61	304
-612	-133	282
-822	-202	219
-1158	-264	97
-1527	-530	149
-1820	-667	162
-1676	-1322	238
-1456	-681	100
-1313	-593	231
-1299	-588	188
-1292	-614	236
-1225	-599	346
-1105	-587	322
-971	-590	346
-898	-559	356
-795	-563	291
-766	-607	309
-840	-531	323
-925	-466	323
-1010	-664	354
-1169	-532	457
-1267	-85	40
-1053	1148	-188
-986	981	-53
-945	306	21
-925	-214	86
-838	-641	186
-775	-789	257
-768	-309	218
-833	-251	152
-879	-272	138
-1018	-323	90
-898	427	164
-984	226	278
-1028	142	430
-980	-162	595
-1083	-560	642
-968	-564	655
-837	-668	815
-894	-1340	827
-1009	-1563	655
-1313	-1453	465
-1365	-1405	340
-1562	-1481	201
-1611	-1478	113
-1823	-1548	167
-2095	-1640	226
-3299	-1513	197
-2130	686	128
-702	1244	-159
-612	1356	282
-281	390	559
-74	-39	764
45	-412	819
154	-465	847
201	-344	808
167	-12	715
73	224	523
-46	176	369
-246	-40	277
-474	-201	187
-779	-252	168
-1130	-312	161
-1501	-317	176
-1735	-608	69
-1819	-1031	143
-1712	-684	131
-1701	-658	171
-1652	-797	162
-1472	-863	118
-1294	-831	166
-1095	-798	219
-959	-731	183
-791	-710	126
-690	-793	116
-728	-828	123
-813	-765	142
-919	-669	177
-1098	-536	177
-1267	-476	166
-1399	-430	142
-1367	-460	184
-1243	-454	279
-1183	-381	239
-1048	-303	219
-891	-212	237
-728	-126	227
-651	-111	204
-645	-125	187
-723	-149	185
-790	-200	188
-892	-255	213
-995	-285	202
-1102	-329	173
-1212	-364	158
-1229	-384	159
-1314	-1070	305
-1192	-391	305
-721	-736	499
-690	-627	812
-922	-526	955
-931	-1026	918
-848	-978	715
-813	-706	680
-881	-746	536
-1027	-913	439
-1188	-1042	384
-1241	-1042	303
-1348	-1213	300
-1585	-1259	149
-1737	-1639	-57
-1981	-1958	144
-2311	-1858	62
-2926	-1962	187
-3781	-2537	59
-3040	862	-175
-1474	2147	-445
-818	1989	4
-129	1667	295
-131	267	709
64	-265	1021
314	-488	976
475	-433	914
303	72	862
188	374	750
42	582	538
-133	425	476
-362	173	408
-555	35	294
-817	-74	200
-1235	-242	48
-1592	-387	-100
-2061	-602	-206
-2278	-1018	-184
-2136	-1112	-65
-2120	-892	-105
-2124	-1350	-57
-1905	-1329	-187
-1680	-1001	-53
-1399	-761	7
-1155	-622	5
-960	-696	-100
-883	-831	-244
-601	-807	-240
-513	-728	-123
-569	-719	-14
-687	-803	182
-842	-734	253
-989	-625	342
-1174	-635	401
-1235	-643	438
-1340	-509	376
-1438	-407	272
-1425	-683	163
-1131	205	248
-1012	-22	212
-835	-248	188
-795	-355	137
-791	-343	104
-788	-305	87
-832	-292	105
-869	-325	123
-907	-386	136
-906	-399	134
-917	-396	131
-946	-397	145
-946	-388	144
-941	-388	146
-944	-409	162
-942	-414	160
-925	-418	156
-909	-436	157
-903	-474	171
-899	-497	177
-906	-506	183
-897	-506	177
-899	-509	169
-887	-498	162
-872	-492	154
-857	-469	149
-841	-477	139
-834	-488	142
-832	-491	150
-859	-471	156
-901	-439	157
-943	-430	161
-976	-401	152
-985	-377	140
-967	-374	130
-950	-386	111
-941	-383	88
-950	-376	71
-898	-349	51
-825	-333	34
-774	-349	46
-768	-382	83
-804	-375	96
-877	-362	109
-951	-363	137
-981	-268	118
-980	-311	102
-1081	-347	51
-1107	-429	201
-817	-528	435
-668	-647	537
-733	-782	726
-827	-1082	695
-849	-1208	677
-750	-1352	654
-815	-1405	461
-1030	-1345	341
-1271	-1484	217
-1570	-1486	141
-1983	-1809	113
-2465	-2171	173
-2573	-1848	225
-3949	-1285	60
-1295	1105	292
-546	1784	-321
-206	1387	270
36	489	509
378	-1170	980
440	-509	826
553	-518	759
557	-518	786
407	-95	682
302	59	617
162	119	523
-72	161	412
-373	175	267
-693	69	170
-1105	-151	101
-1628	-550	93
-2093	-995	126
-2519	-1227	-151
-1799	-1281	291
-1491	-107	105
-1647	-558	48
-1580	-1126	-31
-1332	-994	-46
-1183	-550	81
-1098	-437	96
-1014	-443	-14
-879	-485	-169
-779	-648	-233
-678	-731	-199
-591	-766	-74
-618	-680	76
-715	-641	227
-900	-583	396
-911	-446	408
-914	-426	438
-837	-386	332
-915	-557	397
-1074	-525	417
-1204	-401	321
-1253	-256	260
-1196	-164	224
-1020	-162	201
-887	-192	136
-811	-274	97
-778	-352	100
-780	-379	107
-793	-348	97
-803	-297	53
-827	-330	56
-878	-388	79
-953	-462	100
-1174	-496	66
-1477	-513	4
-1149	-563	25
-895	-615	120
-745	-637	128
-731	-618	71
-765	-472	47
-890	-393	73
-897	-378	155
-861	-431	167
-788	-472	203
-705	-536	288
-727	-544	403
-741	-420	347
-774	-365	317
-1072	-131	616
-829	396	716
-754	-63	410
-838	-305	419
-874	-620	340
-939	-717	203
-1182	-751	208
-1302	-714	353
-1012	-400	198
-1015	-188	139
-1158	-268	122
-1285	-252	117
-1074	-273	106
-873	-276	46
-784	-313	-17
-752	-410	-48
-729	-461	-18
-704	-422	46
-668	-326	67
-623	-247	76
-627	-212	77
-684	-254	93
-755	-374	186
-916	-506	299
-1198	-560	291
-1723	-567	298
-1485	-380	290
-1149	-238	402
-882	-322	213
-906	-485	189
-924	-605	140
-828	-669	188
-659	-602	233
-613	-609	256
-709	-650	272
-850	-611	257
-951	-488	211
-996	-364	170
-991	-310	253
-963	-378	82
-900	-1	-11
-959	293	66
-1186	-19	102
-1396	-518	208
-1137	-997	278
-925	-642	57
-998	-430	48
-1131	-349	91
-1105	-257	71
-954	-244	-11
-819	-246	-46
-736	-289	-68
-704	-360	-31
-687	-398	40
-676	-341	30
-663	-310	48
-701	-294	96
-801	-322	136
-948	-381	156
-1124	-525	287
-1413	-674	377
-1277	-547	387
-750	-239	355
-884	-302	304
-1064	-447	272
-1189	-384	283
-972	-315	276
-764	-320	247
-688	-510	261
-735	-697	293
-829	-701	287
-884	-495	244
-902	-300	174
-901	-239	162
-848	-287	126
-856	-386	131
-908	-443	106
-1095	-504	54
-1202	-623	186
-869	-578	155
-816	-468	40
-1091	-512	22
-1192	-442	74
-1108	-328	91
-909	-213	37
-788	-229	-14
-746	-297	-36
-726	-359	-25
-730	-373	-12
-684	-394	51
-674	-361	74
-750	-380	112
-879	-402	149
-1018	-414	208
-1132	-437	257
-1528	-607	391
-1179	-466	549
-715	-31	456
-931	-147	294
-1125	20	273
-993	-554	165
-813	-569	182
-628	-347	166
-560	-406	112
-586	-639	113
-676	-711	117
-732	-601	101
-728	-435	72
-790	-347	107
-891	-385	138
-1120	-382	212
-1375	-391	306
-1467	-362	370
-988	-611	258
-894	-443	145
-1072	-362	58
-1100	-505	32
-1017	-459	21
-890	-406	12
-784	-368	-27
-734	-366	-55
-720	-373	-75
-729	-367	-82
-716	-357	-57
-732	-374	-26
-802	-388	-16
-896	-394	-1
-1018	-402	52
-1207	-447	126
-1134	-463	258
-797	-500	466
-662	-607	464
-1005	-592	339
-1246	-277	250
-1167	-28	427
-769	-237	320
-630	-513	256
-626	-616	233
-679	-603	220
-717	-487	204
-750	-430	195
-792	-388	184
-799	-358	189
-938	-418	212
-1018	-384	209
-1216	-463	158
-1306	-526	238
-1033	-471	225
-905	-497	160
-1051	-496	126
-1095	-380	114
-1060	-295	110
-978	-274	100
-877	-282	49
-793	-297	3
-754	-311	-34
-751	-332	-42
-733	-365	5
-686	-371	47
-692	-340	50
-768	-341	61
-877	-317	47
-1138	-393	89
-1428	-595	227
-988	-741	489
-616	-606	454
-816	-420	225
-1134	-280	154
-1290	-201	302
-960	-214	288
-703	-482	230
-685	-621	224
-726	-819	287
-815	-698	275
-874	-502	252
-897	-302	221
-881	-359	225
-931	-283	123
-964	15	86
-997	167	105
-1106	20	71
-1284	-323	136
-1107	-692	208
-791	-664	143
-680	-595	93
-854	-482	29
-1000	-416	52
-1050	-412	76
-986	-372	47
-871	-360	15
-801	-353	-1
-825	-372	1
-869	-381	3
-873	-372	35
-838	-365	72
-866	-355	101
-883	-325	110
-914	-269	95
-1100	-290	75
-1217	-453	216
-842	-561	404
-627	-601	494
-629	-422	261
-1419	594	582
-963	-930	669
-885	-569	251
-625	-775	171
-717	-521	147
-802	-430	93
-829	-374	200
-731	-261	173
-621	-361	305
-485	-530	655
-643	-846	708
-987	-1441	720
-1111	-1709	715
-1158	-2020	590
-1631	-2726	125
-2731	-3969	51
-3995	-3997	101
-3997	-3131	-913
-2838	2373	-729
-1298	2785	-1350
-561	1826	-295
-102	-166	694
417	-939	1173
746	-838	852
865	-157	516
819	47	454
812	140	531
904	-158	522
879	-232	595
775	-83	602
694	13	581
619	81	511
537	157	405
416	84	322
183	104	209
-40	18	196
-232	-493	212
-290	-651	376
-460	-708	353
-674	-919	347
-802	-1084	618
-1036	-1137	516
-1394	-952	422
-1551	-1052	503
-1521	-1310	534
-1197	-1625	540
-1119	-912	461
-1008	-854	465
-856	-753	475
-769	-628	483
-756	-464	391
-724	-514	337
-813	-572	370
-863	-576	253
-921	-596	256
-980	-515	180
-934	-537	175
-882	-577	197
-836	-591	243
-814	-527	228
-795	-480	197
-833	-452	234
-960	-442	214
-1054	-475	245
-874	-476	275
-661	-499	297
-642	-524	325
-679	-469	267
-883	-461	267
-977	-404	331
-895	-493	299
-766	-559	275
-661	-524	248
-632	-476	279
-625	-407	271
-621	-406	256
-615	-433	270
-670	-476	305
-677	-505	373
-844	-465	451
-968	-341	632
-958	-531	596
-935	-791	493
-763	-622	353
-491	-502	244
-593	-510	217
-898	-670	337
-1093	-602	383
-1068	-418	295
-942	-285	262
-835	-360	238
-767	-441	197
-723	-530	202
-707	-511	222
-665	-390	218
-650	-301	172
-688	-285	158
-762	-368	174
-838	-452	196
-1117	-617	292
-1062	-690	403
-698	-784	498
-591	-816	472
-880	-711	363
-1043	-423	332
-1119	-109	511
-787	-255	465
-532	-454	328
-508	-524	298
-602	-456	324
-698	-411	311
-732	-296	312
-769	-391	333
-796	-373	389
-965	-123	540
-869	-371	597
-866	-802	477
-850	-981	484
-687	-752	369
-931	-651	281
-1135	-443	290
-1131	-245	312
-995	-191	273
-891	-268	224
-804	-411	200
-754	-479	173
-689	-462	157
-596	-395	159
-541	-310	154
-541	-287	150
-600	-354	200
-672	-405	265
-802	-472	307
-1261	-590	400
-1646	-763	561
-1142	-858	565
-734	-492	408
-686	-474	262
-792	-549	242
-823	-569	237
-622	-529	215
-486	-513	223
-515	-600	264
-652	-689	347
-839	-698	571
-1055	522	768
-846	216	527
-911	21	521
-837	-288	432
-890	-423	302
-1195	-609	336
-912	-585	265
-626	-513	160
-567	-457	161
-782	-517	202
-1051	-535	217
-1050	-721	231
-925	-649	161
-832	-593	122
-839	-645	177
-861	-620	232
-859	-529	259
-871	-375	235
-860	-275	231
-898	-201	226
-922	-273	199
-1042	-354	182
-1335	-360	127
-1586	-363	6
-1523	-525	-20
-1449	-163	140
-1602	-432	71
-2161	-927	-734
-987	-1766	217
-798	-829	492
-884	-473	165
-788	-758	-364
-591	-406	-81
-494	-59	113
-513	-30	158
-619	-167	441
-623	-215	404
-766	-396	412
-904	-288	448
-1011	-314	563
-853	-393	293
-1012	-233	781
-1193	-1444	1991
-1018	-236	688
-1154	421	335
-955	52	-163
-1025	-57	85
-930	-262	218
-924	-30	120
-940	-140	165
-1137	-2	452
-832	-167	164
-1068	-102	273
-1015	45	224
-1002	-84	168
-1007	-167	158
-993	-228	123
-981	-109	161
-960	-36	122
-946	239	328
-856	178	144
-962	-168	229
-940	-58	234
-1027	126	268
-866	-9	218
-966	52	292
-996	186	318
-969	98	324
-932	42	303
-827	49	209
-931	338	269
-914	193	340
-891	208	347
-878	-18	466
-984	106	265
-917	393	343
-897	91	285
-908	197	322
-905	169	306
-851	147	337
-883	186	264
-900	273	261
-921	169	266
-827	104	301
-849	-162	304
-704	-85	187
-810	-223	92
-745	-85	-144
-940	188	-233
-980	507	-177
-1158	647	-12
-1002	330	-181
-892	230	-79
-969	11	9
-767	-130	-10
-1112	-75	-172
-1192	-195	21
-1381	-28	132
-1149	-21	399
-1014	260	296
-833	-3	-250
-753	-868	28
-859	-441	69
-1054	-143	342
-1064	-138	461
-1146	-324	311
-897	-605	208
-803	-260	233
-824	-655	183
-816	-417	317
-897	-504	235
-865	-390	242
-547	-854	219
-684	-470	188
-438	-506	431
-734	-634	548
-761	-689	173
-397	-917	-173
-749	-1253	531
-713	-544	269
-523	-889	465
-469	-605	326
-337	-380	581
-238	-211	660
-311	-405	668
-230	-415	775
-310	-386	822
-456	-381	896
-286	-442	908
-166	-479	748
153	-1056	1023
12	-396	897
145	-311	676
124	-292	638
-12	-226	750
-205	-325	906
-415	-363	1035
-305	-124	796
-434	-305	585
-92	-526	984
-12	-520	1154
-107	-216	812
13	-467	844
19	-548	1246
3	-523	1045
115	-219	765
42	-385	750
-13	-376	755
-32	-661	918
-26	-497	1017
-84	-414	1015
-111	-500	913
-16	-501	867
-125	-390	765
-84	-577	935
-105	-366	709
-110	-444	904
-60	-541	798
-211	-412	757
-200	-455	1080
-49	-491	898
-45	-531	804
-87	-872	992
-65	-973	893
-111	-723	1077
-427	-18	1235
-314	-2	1200
-157	-201	1059
-125	91	1005
32	164	893
-162	299	757
228	40	466
290	441	489
315	148	527
245	-95	802
112	237	510
-199	94	684
-231	1375	1297
628	-337	94
421	-959	767
313	-768	776
204	-306	882
134	-171	930
204	-146	973
210	-178	878
284	-304	957
269	-318	891
229	-366	878
224	-295	945
246	-313	933
223	-254	918
200	-42	927
143	-10	987
216	-80	998
168	172	930
172	206	917
193	45	965
200	7	961
206	12	956
203	-34	956
211	-32	950
205	-49	954
210	-65	967
215	-100	950
223	-89	963
213	-48	954
228	-82	954
220	-62	965
225	2	944
221	-62	967
249	-74	944
240	-21	942
213	6	955
209	-14	954
206	5	954
213	-61	959
197	-100	969
204	-54	959
207	63	935
223	-10	978
253	-87	938
226	-21	961
197	-83	959
238	-27	951
287	-45	927
243	-70	953
242	-25	935
251	-22	953
244	-41	952
240	-15	946
248	-61	949
251	-71	943
243	-58	953
247	-74	946
250	-60	947
252	-53	950
253	-54	944
252	-55	946
252	-58	945
249	-51	952
248	-55	942
246	-48	949
249	-64	947
252	-63	945
255	-59	946
257	-55	945
256	-58	945
253	-48	950
254	-55	946
252	-56	949
252	-54	947
253	-55	947
252	-51	950
256	-55	945
254	-40	946
255	-52	946
256	-45	946
262	-67	946
262	-53	948
244	-25	949
216	-13	949
250	-67	941
317	-80	939
303	-26	940
231	-40	943
203	-70	965
207	-57	951
256	-100	943
288	-102	946
281	-67	939
270	-48	948
262	-12	921
247	-10	950
255	-61	953
264	-67	933
266	-52	942
267	-72	947
267	-48	947
265	-28	934
273	-67	944
281	-60	941
282	-61	935
286	-81	944
301	-92	934
302	-60	932
302	-64	937
302	-55	930
297	-9	933
302	2	930
294	2	923
340	-65	930
326	-154	925
285	-55	947
308	-28	945
294	-81	917
285	-40	941
289	76	950
305	-8	931
277	-76	946
332	0	884
319	39	933
309	54	931
317	-11	941
317	-53	940
335	-123	931
268	164	912
253	284	916
266	205	919
258	244	917
242	297	907
246	204	924
253	210	927
261	180	930
260	200	921
268	171	934
260	198	924
250	201	926
255	172	929
253	184	925
255	185	930
264	152	939
261	182	927
267	157	934
265	147	929
260	165	931
260	154	934
260	165	927
262	152	934
264	143	932
258	161	928
265	130	934
264	150	931
263	150	934
263	139	933
260	143	936
264	130	937
261	141	935
267	120	939
269	122	935
267	134	935
275	112	935
270	130	934
273	125	936
276	129	934
277	120	935
279	127	933
277	112	933
274	131	934
282	96	936
278	112	934
277	108	935
278	103	934
280	119	938
277	161	931
289	55	948
286	233	895
238	320	917
285	89	935
277	147	924
261	216	926
272	158	925
233	169	948
253	209	924
261	207	930
261	215	921
269	167	927
260	221	919
250	179	937
259	200	920
267	197	943
349	182	892
274	197	922
253	194	929
305	177	913
273	181	908
296	188	914
255	115	939
192	200	939
249	234	921
254	183	943
241	220	931
237	174	930
238	148	933
257	163	940
285	133	923
249	144	941
295	114	936
288	141	927
246	199	920
255	188	932
247	145	935
344	-15	906
335	-29	928
405	-59	920
353	-48	928
351	-10	941
