A_X [mg] 	 A_Y [mg] 	 A_Z [mg] 	
159	32	691
161	30	677
114	-22	684
161	9	766
123	43	807
143	46	879
168	70	937
243	109	1003
272	140	1075
296	126	1157
253	183	1205
262	205	1158
270	201	1106
228	181	1045
113	84	1073
188	97	1165
229	147	1327
280	117	1458
323	213	1487
349	238	1496
286	266	1427
250	206	1367
281	211	1382
269	101	1192
172	102	1129
248	95	1118
150	209	872
237	-58	1189
313	248	795
184	-135	1010
282	6	888
158	58	737
206	-84	844
67	118	626
82	-56	703
11	-90	599
6	-103	803
15	48	775
19	-6	874
25	-22	870
55	18	893
53	-20	866
83	45	810
36	92	745
48	5	715
47	62	642
97	-26	646
131	-47	691
198	30	754
254	-17	790
319	-33	809
243	15	869
142	-61	918
202	84	905
158	39	1038
147	-28	1118
214	155	1118
219	141	1262
196	5	1308
295	167	1358
333	171	1441
253	139	1425
248	114	1504
288	206	1495
292	122	1467
232	71	1445
272	126	1430
312	28	1189
261	0	1063
209	-105	1079
201	190	764
297	-92	1013
269	81	800
192	9	745
256	-119	835
-82	-258	553
97	-109	895
-80	-5	641
10	-132	827
-17	-38	741
51	-74	756
19	-62	749
28	-48	734
21	10	743
30	28	769
56	97	718
121	50	735
137	-16	797
185	141	752
227	1	740
212	-44	765
187	16	768
155	-19	795
154	-22	800
43	-13	769
-104	23	905
-55	77	1077
-30	100	1201
152	151	1453
241	147	1470
331	-29	1504
386	-118	1489
346	-48	1525
304	-3	1514
377	-10	1616
394	4	1569
412	-14	1429
284	-73	1352
277	-29	1210
263	-9	1097
348	-56	1010
218	-106	1046
247	17	814
267	-18	849
129	-2	609
125	-186	596
67	27	542
-56	-53	612
20	33	671
19	-2	717
30	-54	757
23	-29	789
33	-5	770
3	-30	789
-6	15	763
6	-9	734
-20	-57	722
-4	-27	701
12	-66	674
71	-64	759
78	-22	776
136	-30	895
161	33	875
138	-5	858
184	26	872
152	97	690
89	86	875
101	144	952
140	82	1060
249	39	1261
234	29	1306
284	-35	1405
413	49	1488
331	76	1470
401	43	1600
441	164	1563
451	-44	1562
445	-97	1572
422	22	1462
372	-112	1351
389	-35	1245
323	-1	1120
304	-49	1081
320	7	745
282	-156	830
208	-111	743
186	-16	692
174	3	601
32	14	497
145	-218	585
-9	-87	652
-46	-13	753
-99	12	757
-16	98	773
45	67	808
61	-31	854
67	25	779
103	79	831
80	33	807
92	38	767
97	21	748
74	-10	811
48	97	752
65	-102	812
149	-14	786
127	1	867
163	-27	936
114	133	940
129	114	1030
129	178	1072
23	20	1097
157	170	1190
147	192	1109
102	-3	1175
217	187	1310
191	141	1419
170	80	1634
259	183	1681
263	87	1512
223	9	1547
172	110	1514
163	115	1340
141	54	1195
122	62	1160
158	66	989
96	17	945
186	162	954
118	145	724
132	15	838
48	31	633
64	-38	671
31	87	670
-36	37	691
15	114	683
0	21	673
-24	0	715
-79	49	677
-66	40	751
-81	31	758
-25	88	799
15	5	777
7	-70	767
53	-35	740
52	-67	711
5	-37	690
49	1	758
43	69	741
34	8	830
67	19	885
120	-3	853
145	-40	1038
89	296	1089
59	307	1205
101	277	1351
101	346	1358
176	120	1347
187	158	1434
193	228	1432
217	71	1509
225	226	1565
247	113	1659
261	236	1507
193	291	1434
140	-32	1305
124	-59	1100
156	-84	1118
116	87	1087
220	21	957
79	36	927
105	8	811
20	35	725
76	-31	672
83	-61	602
26	-49	610
29	78	678
-15	74	632
30	-26	744
15	115	728
60	114	755
-4	69	781
-4	61	804
27	52	786
36	-27	803
67	14	714
-7	-96	702
2	-17	708
14	65	668
16	-20	789
63	52	769
96	-12	830
126	-115	983
61	8	1028
167	88	1173
212	180	1227
154	141	1225
187	166	1341
206	121	1344
195	94	1440
285	167	1449
245	107	1463
207	165	1366
272	208	1517
295	49	1531
260	101	1445
254	140	1363
186	-7	1187
145	-35	1095
242	-27	1040
158	-42	804
160	-130	889
208	15	734
53	2	638
146	24	814
35	152	538
106	-175	732
62	55	703
68	0	797
74	21	747
86	-103	842
81	-34	868
101	-48	886
131	-53	852
96	-91	796
100	-82	779
97	-45	660
121	-28	646
44	-67	671
14	9	690
63	-12	793
93	49	821
170	-139	851
171	7	894
133	193	953
133	252	1075
205	179	1144
161	25	1227
146	77	1246
249	30	1261
154	48	1265
213	263	1247
249	260	1409
199	69	1383
281	269	1418
236	209	1427
274	102	1438
329	208	1355
350	-69	1261
249	41	1057
194	-113	1089
249	14	1119
279	259	978
252	-209	1002
237	-7	884
132	-17	639
155	-63	758
86	47	630
48	-111	739
72	10	699
24	-57	734
21	-33	727
19	31	766
36	-9	787
74	49	821
76	28	839
54	-24	822
40	8	793
52	17	746
35	-92	761
50	16	771
101	39	813
145	-65	848
328	110	872
207	67	776
95	-177	1032
42	122	976
123	86	1092
82	-147	1051
28	-18	1103
123	-45	1181
76	-84	1186
93	-14	1278
32	150	1356
147	83	1552
249	196	1508
114	125	1385
103	-26	1481
185	181	1413
201	210	1436
238	20	1335
234	30	1230
188	26	1095
199	0	1064
244	56	961
127	-49	957
214	57	906
123	103	631
19	-292	652
125	52	681
-120	-51	483
-24	-38	693
-95	161	603
-29	-3	712
-99	53	811
-88	8	798
-36	63	834
2	108	861
30	-2	792
50	23	792
56	7	703
16	43	604
-27	0	645
72	-13	670
47	17	793
59	-52	818
116	45	887
7	36	886
15	-104	870
102	79	1026
71	117	1095
132	-57	1161
86	167	1349
187	110	1380
223	-29	1346
299	14	1390
279	9	1484
181	-104	1575
271	166	1696
285	37	1694
279	-21	1625
234	80	1503
169	48	1458
171	-81	1352
232	-2	1136
164	-3	985
76	-153	791
88	-140	776
122	0	684
62	-24	715
9	101	677
-26	16	532
44	-24	640
20	10	588
-2	43	623
-97	50	665
-111	83	707
-94	129	721
-54	131	807
-67	142	794
-33	32	722
76	25	738
59	-72	703
67	53	634
-61	87	601
-36	-19	662
-10	87	688
-68	120	703
27	103	872
-15	172	912
34	-10	1068
187	71	1268
13	89	1121
179	119	1483
287	301	1431
177	162	1528
260	116	1515
261	61	1517
274	78	1625
337	87	1576
288	89	1554
342	126	1560
295	104	1444
231	40	1300
214	85	1166
124	-51	1057
137	87	1020
164	114	829
114	-39	802
124	-47	797
52	53	591
23	-42	632
16	-12	642
-48	-29	565
-25	52	683
-52	76	730
-66	82	717
-101	40	754
-84	7	756
-93	90	733
-137	-15	714
-48	-5	727
33	16	677
32	-33	682
81	-8	759
-6	43	750
1	27	793
-89	-7	798
132	27	800
17	87	783
91	5	941
54	64	1034
80	114	1148
118	85	1117
174	221	1235
77	250	1277
239	152	1392
165	204	1412
260	282	1619
291	283	1599
212	42	1589
237	139	1525
252	182	1482
220	64	1449
208	137	1327
165	111	1212
151	-19	1115
179	-13	965
155	50	670
69	-277	878
200	126	800
15	137	656
64	-35	756
8	60	617
-9	-34	611
-32	-63	702
-77	0	713
-71	5	726
-73	72	806
-109	-21	772
-45	2	774
-35	0	720
28	-65	747
37	-37	704
89	-65	675
82	-87	657
-28	-198	567
-59	-83	603
-30	-103	657
0	-20	895
100	103	996
215	148	1063
298	93	1211
217	-31	1192
207	26	1238
226	-17	1274
209	19	1309
205	53	1398
251	-47	1410
271	-81	1543
348	-40	1624
401	8	1699
422	-64	1714
347	-10	1611
341	-25	1475
324	-55	1348
201	-25	1057
196	-97	961
208	-30	897
94	-112	719
150	-60	753
72	125	629
15	28	617
26	-5	668
-9	67	602
43	7	648
40	0	681
-7	-53	671
-3	22	721
-62	-10	684
-70	-23	743
-65	4	669
-35	-65	709
20	-55	695
81	-22	688
99	28	721
93	28	764
120	41	733
132	-132	848
78	-117	904
78	-99	945
21	-128	1049
82	-22	1103
124	110	1113
50	-78	1173
93	-45	1213
132	-13	1257
218	-30	1335
222	9	1405
216	3	1511
111	-21	1771
395	211	1977
443	-350	1505
206	-513	1245
127	15	1151
138	212	1149
144	-95	1154
198	-35	1109
133	-47	935
102	-197	1015
116	-55	973
210	40	955
228	6	843
111	-90	851
151	83	759
77	115	743
9	102	631
-38	-160	577
23	11	649
-26	-82	604
-42	-100	601
-57	-19	672
-71	23	703
-49	-18	681
0	-50	709
57	-47	700
98	69	732
-50	21	763
13	-84	759
-25	-15	714
218	-43	877
198	67	880
-18	28	1093
187	166	1248
106	209	1086
127	278	1225
103	216	1299
159	93	1174
177	142	1262
73	126	1299
29	45	1459
235	282	1551
227	241	1479
281	-1	1605
339	158	1417
300	116	1356
167	74	1252
188	58	1220
183	125	1196
234	124	1074
216	-128	1182
248	97	1047
249	204	826
169	181	792
44	18	677
-16	-203	470
-2	-184	672
66	44	604
13	-32	608
4	44	710
-113	-2	679
-192	-61	705
-239	-77	767
-208	-120	861
-88	-204	971
