A_X [mg]	A_Y [mg]	A_Z [mg]
-89	1125	-194
18	1177	-147
-16	1101	-145
-9	1005	-69
-349	1115	-214
-473	975	-262
-182	665	-70
-205	797	-104
-36	778	-93
-200	857	-86
-189	955	-121
-86	1018	-19
-357	903	-86
17	884	438
45	1316	101
-58	1128	-222
221	915	-74
108	1143	-19
199	1068	-215
124	1215	-352
-40	894	96
-310	907	-6
-77	1039	-25
-90	1073	7
-298	1161	-51
-391	892	154
-486	957	63
-201	1077	-49
-129	422	-144
-252	673	-73
-89	1294	-49
-216	1422	-112
-165	1141	-5
8	974	-58
27	1147	-100
-214	1156	-129
-131	259	-77
-16	338	-93
70	1014	-328
246	1233	-355
-61	979	-200
89	984	-247
127	1116	-257
77	987	-348
-22	1308	-289
-12	1138	-364
32	909	-298
-79	816	-235
88	486	-239
61	700	-348
32	931	-367
-100	1284	-561
-218	1176	-486
-198	831	-254
-239	858	-328
-207	868	-404
-207	1078	-473
-248	1037	-617
-465	1271	-626
-304	967	-383
-173	677	-285
-339	575	-541
-181	417	-588
-249	827	-595
-345	841	-532
-264	931	-523
-253	775	-580
-275	776	-500
-247	904	-362
-207	756	-294
-41	773	-322
-110	1025	-136
-152	943	-510
-158	1025	-532
-310	1024	-521
-115	1039	-693
99	1078	-637
-134	924	-644
-18	782	-522
453	585	-428
450	467	-557
223	487	-860
233	324	-643
590	118	-671
823	330	-1090
852	494	-1086
833	508	-948
861	727	-1034
689	365	-555
981	156	-135
1345	106	-211
1140	7	-23
938	81	-268
681	2	-445
711	-256	-571
641	-203	-735
374	-392	-673
433	-547	-640
464	-335	-1098
300	-454	-1062
405	-616	-1061
360	-452	-1130
143	-483	-872
262	-599	-892
281	-505	-987
221	-415	-1047
215	-433	-929
201	-510	-865
169	-524	-1004
122	-529	-888
102	-517	-821
111	-523	-876
126	-482	-1080
66	-409	-886
48	-397	-724
79	-417	-814
73	-454	-907
88	-540	-785
45	-558	-754
27	-573	-872
35	-638	-799
18	-597	-722
29	-594	-825
-42	-580	-770
-23	-559	-635
-115	-515	-984
-104	-522	-958
-71	-589	-967
-11	-694	-746
-148	-607	-793
-105	-573	-937
18	-525	-949
-57	-453	-755
-73	-425	-716
-50	-458	-719
1	-518	-564
-6	-649	-715
-44	-700	-688
-13	-738	-751
60	-800	-707
-84	-759	-629
-186	-689	-807
-100	-739	-772
-75	-851	-762
-126	-717	-885
-134	-698	-936
-43	-673	-989
72	-549	-893
39	-564	-759
-18	-576	-736
34	-741	-946
165	-661	-1462
66	-413	-1034
-11	-406	-492
1	-560	-537
169	-686	-811
123	-716	-946
46	-684	-1159
113	-567	-1143
80	-502	-830
20	-417	-544
-52	-575	-504
33	-740	-914
198	-745	-1391
185	-435	-1194
40	-255	-613
-12	-317	-430
18	-556	-483
256	-773	-977
273	-710	-1307
123	-591	-1121
81	-464	-948
91	-395	-788
100	-420	-643
123	-459	-691
127	-471	-790
102	-560	-921
102	-606	-1133
96	-502	-1202
18	-460	-993
44	-524	-916
55	-533	-907
41	-542	-923
94	-528	-975
113	-513	-987
48	-513	-937
83	-539	-1014
110	-520	-1040
119	-515	-1013
170	-490	-965
175	-466	-853
144	-471	-794
131	-520	-800
204	-549	-912
184	-487	-963
161	-503	-880
136	-499	-823
118	-507	-806
112	-556	-817
86	-550	-868
41	-531	-912
63	-542	-953
75	-561	-883
46	-564	-883
17	-540	-966
-8	-556	-963
9	-566	-1058
28	-519	-1230
1	-446	-1221
-28	-423	-1052
71	-473	-1058
172	-475	-1082
123	-452	-865
100	-553	-741
100	-573	-811
103	-593	-868
146	-531	-1073
165	-399	-1109
147	-416	-897
258	-478	-838
341	-530	-686
263	-611	-556
106	-697	-702
28	-851	-989
177	-895	-1428
283	-587	-1333
164	-362	-670
14	-399	-337
-103	-537	-329
-116	-687	-553
-10	-775	-974
76	-811	-1330
125	-625	-1358
108	-440	-912
95	-388	-474
10	-510	-392
1	-588	-552
131	-571	-935
212	-556	-1413
203	-451	-1399
93	-434	-832
91	-472	-613
48	-465	-670
55	-422	-820
102	-367	-957
58	-284	-946
36	-241	-852
111	-368	-660
80	-510	-621
83	-495	-947
139	-503	-1229
81	-426	-1199
44	-348	-968
82	-373	-791
93	-331	-718
67	-344	-761
68	-288	-923
54	-314	-834
-33	-408	-786
40	-433	-1132
46	-312	-1370
-26	-285	-1031
71	-411	-759
105	-407	-736
4	-431	-724
-96	-478	-824
-18	-363	-1244
-21	-328	-1303
94	-436	-1176
195	-421	-1038
248	-490	-901
267	-438	-963
122	-376	-1044
79	-402	-1012
19	-438	-1000
-27	-561	-1003
-36	-473	-1391
-127	-194	-1491
12	-215	-1009
81	-276	-516
78	-398	-529
10	-356	-878
-11	-451	-1051
30	-309	-1681
-19	-112	-1370
79	-382	-711
161	-497	-734
218	-408	-1003
223	-500	-886
105	-688	-874
98	-759	-1281
-29	-570	-1476
45	-500	-1182
53	-502	-821
-24	-409	-961
-13	-375	-849
-49	-383	-825
-60	-348	-914
-13	-381	-916
72	-516	-848
47	-553	-833
70	-558	-823
158	-595	-776
198	-722	-760
210	-690	-806
213	-618	-807
187	-636	-728
233	-604	-812
286	-553	-727
237	-578	-505
241	-583	-455
307	-584	-778
369	-606	-818
378	-645	-802
338	-662	-671
278	-627	-664
262	-541	-801
322	-612	-746
331	-684	-863
282	-664	-763
281	-600	-743
217	-519	-774
214	-553	-781
124	-601	-771
27	-630	-786
88	-600	-944
114	-809	-684
66	-915	-548
-41	-768	-625
-92	-797	-493
-207	-781	-542
-204	-704	-809
-124	-709	-1015
-124	-729	-940
-151	-725	-840
-27	-727	-866
88	-649	-824
55	-588	-675
30	-564	-746
77	-534	-689
82	-611	-535
82	-628	-712
174	-582	-927
255	-639	-749
265	-626	-631
302	-644	-672
241	-674	-736
196	-701	-922
203	-799	-913
114	-822	-840
-39	-678	-629
-34	-597	-657
-74	-603	-768
-155	-605	-688
6	-694	-658
12	-670	-832
-138	-684	-713
-136	-657	-811
-136	-552	-808
-73	-673	-683
-92	-626	-1038
-164	-630	-752
-229	-739	-574
-264	-624	-990
-200	-599	-772
-20	-803	-692
31	-714	-851
6	-684	-879
-1	-637	-1014
-89	-495	-789
57	-614	-681
109	-515	-858
93	-507	-771
193	-563	-727
206	-532	-743
181	-454	-790
248	-459	-794
372	-526	-846
428	-574	-742
375	-683	-642
222	-629	-777
191	-645	-867
238	-726	-839
142	-653	-881
27	-597	-899
-53	-588	-825
-140	-542	-848
-188	-506	-932
-215	-496	-914
-230	-491	-916
-271	-486	-947
-187	-538	-881
-66	-570	-959
-51	-505	-1004
-66	-486	-846
-73	-490	-826
-51	-482	-942
-37	-484	-941
-23	-491	-900
-19	-455	-905
-7	-481	-939
17	-481	-1030
8	-452	-999
-20	-366	-1008
12	-307	-999
54	-418	-795
68	-462	-734
44	-568	-678
22	-667	-784
-11	-659	-953
-88	-616	-1028
-151	-538	-935
-220	-514	-766
-256	-522	-711
-307	-510	-813
-347	-436	-977
-399	-517	-811
-407	-534	-888
-328	-491	-1067
-335	-449	-970
-325	-416	-772
-217	-462	-800
-186	-500	-814
-185	-541	-842
-214	-561	-881
-266	-621	-935
-231	-656	-1154
-245	-639	-1084
-236	-587	-1021
-184	-533	-968
-102	-519	-910
-63	-447	-906
-61	-432	-737
-65	-488	-703
-113	-527	-744
-154	-633	-842
-230	-586	-1148
-260	-634	-1002
-291	-567	-1071
-306	-421	-1068
-292	-506	-838
-209	-462	-1010
-197	-334	-979
-262	-421	-697
-203	-554	-728
-191	-568	-1153
-284	-403	-1302
-207	-346	-849
-74	-473	-667
-115	-519	-703
-152	-587	-844
-75	-623	-920
-70	-547	-918
-139	-503	-799
-171	-618	-813
-87	-566	-876
-72	-490	-885
-159	-473	-757
-120	-567	-662
-72	-620	-693
-155	-663	-767
-193	-639	-1075
-145	-445	-1196
-68	-319	-891
-28	-352	-605
-27	-447	-568
-105	-651	-748
30	-704	-1458
-14	-405	-1551
-131	-410	-964
-34	-497	-775
-6	-485	-777
-84	-491	-781
-75	-470	-959
-11	-354	-1035
-49	-361	-802
-66	-431	-678
-103	-530	-677
-34	-620	-1023
-6	-531	-1411
-78	-384	-1182
-64	-381	-829
-53	-414	-677
-23	-480	-792
-65	-459	-977
-122	-498	-999
-21	-506	-1136
-34	-500	-1153
13	-469	-1113
63	-423	-950
66	-395	-758
87	-481	-627
59	-552	-667
36	-579	-861
-27	-512	-1173
-106	-429	-1167
-61	-447	-887
-123	-505	-735
-135	-529	-928
-92	-533	-1177
-51	-445	-1306
-65	-339	-1131
-17	-352	-848
25	-389	-843
62	-458	-943
145	-508	-963
88	-417	-1105
18	-291	-1185
166	-274	-1037
201	-264	-760
159	-355	-490
92	-445	-489
-47	-479	-676
69	-516	-1284
24	-419	-1395
-76	-355	-909
-81	-378	-711
-116	-449	-741
-77	-553	-1052
-14	-486	-1537
-100	-361	-1365
13	-426	-960
96	-497	-647
112	-452	-843
99	-369	-1035
132	-423	-919
171	-474	-885
56	-475	-971
2	-518	-1033
139	-680	-1300
140	-258	-1703
-32	-151	-912
94	-337	-495
79	-443	-583
53	-578	-838
-66	-524	-1135
-91	-489	-1234
-21	-577	-1003
-34	-508	-999
-37	-301	-810
-8	-290	-643
5	-344	-681
-75	-375	-644
-136	-371	-838
-49	-483	-1052
-18	-460	-1264
-37	-363	-1198
-39	-337	-1035
-48	-273	-995
-19	-310	-985
-8	-409	-1005
24	-468	-1026
66	-506	-989
81	-568	-1045
128	-472	-1132
91	-404	-871
53	-368	-784
37	-314	-794
38	-331	-872
-22	-352	-891
-16	-505	-1115
90	-425	-1423
-2	-241	-1059
-29	-325	-852
-10	-467	-848
40	-514	-930
6	-473	-893
-34	-537	-992
-21	-486	-1084
16	-422	-1049
92	-411	-796
134	-353	-822
36	-288	-930
32	-349	-1087
-154	-330	-928
-361	-376	-562
-92	-580	-811
41	-580	-1164
-107	-499	-1084
-68	-523	-962
41	-404	-1194
43	-375	-1089
94	-540	-791
27	-523	-903
7	-573	-810
19	-617	-767
86	-462	-1102
96	-418	-870
78	-576	-644
29	-496	-751
61	-389	-985
175	-406	-1010
167	-362	-1066
124	-395	-878
132	-508	-876
172	-422	-1081
156	-397	-1000
125	-428	-1078
108	-415	-1029
134	-489	-790
127	-450	-830
158	-409	-930
154	-438	-672
137	-480	-846
169	-433	-1019
189	-539	-820
206	-533	-1064
187	-416	-1273
226	-473	-902
224	-511	-763
238	-436	-880
209	-439	-727
172	-493	-822
207	-499	-987
185	-548	-877
180	-567	-723
147	-500	-873
178	-466	-910
219	-463	-1005
203	-457	-888
208	-498	-871
244	-495	-961
267	-540	-990
201	-499	-1043
214	-602	-766
220	-617	-872
178	-537	-1016
176	-568	-943
202	-517	-979
182	-415	-677
67	-479	-466
5	-437	-802
93	-502	-829
110	-634	-964
36	-592	-1050
27	-736	-686
116	-769	-840
140	-626	-1050
129	-611	-892
114	-555	-871
122	-575	-805
135	-651	-689
107	-596	-755
111	-593	-776
170	-621	-801
200	-595	-786
208	-573	-727
212	-589	-747
202	-596	-734
219	-645	-713
179	-633	-832
160	-695	-844
193	-697	-954
275	-668	-1029
340	-611	-874
292	-571	-672
308	-481	-683
331	-490	-782
134	-616	-721
-102	-718	-722
74	-668	-1001
100	-567	-888
2	-550	-837
140	-313	-867
270	-500	-912
239	-470	-880
14	-345	-999
-9	-321	-964
128	-311	-789
174	-317	-886
123	-266	-937
160	-292	-889
218	-18	-1211
213	51	-1048
99	-217	-884
225	-92	-1091
241	-13	-1013
211	-46	-949
245	-51	-1066
237	-84	-1022
212	80	-1270
123	-42	-1106
56	-18	-1092
56	2	-1131
-9	31	-1060
-21	12	-948
-123	-43	-772
-101	213	-1189
4	295	-1328
146	40	-974
222	-179	-764
322	-306	-670
409	-42	-995
553	239	-1333
693	-20	-956
662	-69	-804
549	-37	-711
543	86	-623
462	109	-514
604	349	-265
783	561	-22
876	709	218
783	847	127
906	1156	-383
946	1339	-637
908	1211	-479
1021	959	-460
937	971	-590
970	994	-471
714	870	-305
412	971	-500
274	930	-672
36	948	-603
-82	922	-582
-73	748	-633
-51	617	-740
-97	699	-776
-25	578	-669
-49	624	-802
-264	464	-507
-393	505	-239
-392	798	-776
-423	879	-892
-352	693	-749
-497	655	-971
0	238	-461
-595	667	-942
-626	549	-685
-487	219	-483
-793	544	-1552
-164	6	-1208
-10	490	-548
3	160	-233
-854	605	-456
-698	754	-210
-327	836	-1048
-623	1246	-1200
-343	667	-168
-334	139	-349
-698	441	-555
-450	796	-618
-161	849	-1074
-765	980	-1084
-446	371	-649
-688	496	-754
-431	271	-315
-572	578	-824
-576	612	-617
-548	587	-704
-518	378	-795
-378	385	-745
-402	369	-738
-634	632	-818
-496	791	-605
-262	655	-648
-381	892	-756
-437	827	-736
-269	717	-629
-277	679	-566
-448	819	-437
-439	785	-509
-277	823	-805
-214	807	-722
-125	614	-442
-118	428	-674
-207	396	-759
-273	482	-778
-103	741	-910
-221	827	-686
-393	423	-502
-713	189	-277
-584	401	-183
504	1144	-661
-155	1455	-841
-410	998	-963
-324	1004	-569
488	749	-462
158	690	-1194
-854	1214	-485
-296	809	-393
-346	620	-656
-373	367	-179
50	644	-567
292	1089	-729
-150	832	-343
122	936	-618
-187	926	-599
-314	1102	-864
24	1050	-505
-209	728	-425
-514	656	-751
-14	838	-497
-301	835	-430
-538	1011	-672
225	1042	-726
77	911	-348
-48	853	-363
-194	651	-570
-95	901	-646
-306	1163	-638
-258	979	-565
-249	657	-568
-59	672	-423
-21	564	-444
-53	721	-556
-5	726	-307
491	666	-934
-239	1649	-802
-646	1037	-438
-76	992	-504
-98	786	-525
2	735	-479
195	846	-170
-95	902	-207
-105	887	-354
-251	1151	-363
-410	1564	-570
-194	1261	-241
-344	1031	-415
-284	1151	-358
-181	976	-221
-306	575	-341
269	517	-148
255	523	-40
126	998	-115
-25	833	267
-384	713	-248
191	1081	-313
-134	1089	-259
-174	1499	-547
77	1321	-173
-91	1125	-357
-208	926	-205
-308	793	-212
-158	743	-176
-282	768	-296
-225	1085	-547
-199	1257	-315
-276	1045	-442
-258	862	-429
-107	605	-458
-84	686	-414
-32	905	-187
20	1044	-202
-62	1084	-213
-208	1016	-379
-1	968	-449
-176	797	-518
-55	796	-441
-48	850	-371
-35	936	-363
-154	1054	-311
-433	1122	-460
-89	1023	-401
-144	864	-366
-144	913	-238
-334	795	-279
-540	656	-424
-184	867	-272
-232	931	-341
-293	944	-486
-304	888	-408
-485	984	-548
-139	1252	-564
-258	1062	-374
-373	1026	-443
-144	914	-429
-192	990	-598
-108	1114	-485
-218	980	-417
-158	852	-408
-182	626	-357
-169	680	-455
-100	947	-536
-191	1116	-628
-144	1103	-532
-188	1148	-545
-155	1046	-505
-332	782	-463
-257	858	-422
-239	844	-358
-198	844	-402
-295	1019	-447
-200	960	-487
-163	988	-455
-94	1042	-254
-174	971	-275
-85	812	-323
12	873	-208
-232	1006	-87
-98	1138	-50
-147	1143	-50
-67	1124	-222
-148	944	-126
54	825	-44
-574	683	238
-502	718	45
-102	1046	-116
-172	1059	-162
-160	1139	-192
-205	1012	-115
-181	965	-277
-178	851	-135
-295	962	-218
-181	1117	-239
-121	1082	-331
-59	941	-223
-96	749	-297
-114	855	-429
72	1067	-351
-69	1059	-170
-178	944	-158
-37	786	-364
-79	796	-393
-75	820	-483
49	856	-656
122	957	-696
126	884	-620
43	874	-771
11	699	-522
357	604	-676
130	663	-745
196	693	-720
201	869	-752
211	809	-961
218	700	-885
360	670	-677
186	598	-540
48	762	-549
-19	609	-173
18	582	-126
88	723	-370
20	629	-24
135	1042	-106
216	1378	-278
122	1491	-539
288	1320	-281
273	1305	-69
314	1156	406
412	686	963
108	839	793
-117	826	1191
124	1069	684
596	1103	440
634	1154	173
402	1012	124
644	960	-6
868	856	303
590	694	393
589	769	70
719	682	132
459	684	-172
556	780	-39
373	799	-66
191	784	24
46	1126	254
224	1294	606
535	1202	653
356	1388	471
597	1106	620
-49	1274	421
-332	733	125
