A_X [mg]	A_Y [mg]	A_Z [mg]
307	66	925
317	98	939
324	90	917
330	70	954
298	74	912
326	82	921
321	88	924
323	56	932
350	103	939
337	78	930
342	70	935
337	88	940
340	69	923
371	90	949
344	72	950
362	64	915
359	71	955
347	78	935
368	86	950
365	79	950
374	71	975
359	73	983
354	68	930
360	58	958
383	92	960
363	77	940
339	68	923
333	77	933
339	65	931
328	51	913
355	67	926
351	84	905
357	82	923
343	80	908
384	93	940
347	86	906
347	55	917
353	73	902
355	83	912
363	62	937
374	71	951
374	82	929
373	71	960
369	58	956
364	64	946
335	58	928
336	48	925
350	71	916
357	82	898
358	74	954
353	69	957
361	78	910
356	67	905
353	62	930
370	78	896
393	82	929
377	73	956
374	75	945
376	48	950
359	62	936
365	62	921
369	22	930
365	69	938
357	81	905
379	48	961
363	75	916
322	106	875
346	90	958
355	77	958
321	90	938
325	60	942
314	74	922
312	55	924
316	67	929
316	55	940
302	55	938
296	59	973
295	69	997
277	48	955
277	57	925
277	41	962
273	34	972
266	32	963
248	35	950
255	20	953
259	29	963
256	30	977
264	24	985
239	17	982
247	15	970
233	13	963
226	-2	960
225	-11	958
217	20	956
204	11	944
204	-3	959
200	12	954
203	19	966
201	-16	974
196	-1	977
203	6	952
219	12	977
189	-18	971
190	-8	966
194	-9	958
199	-13	955
211	-17	987
203	-24	994
206	-23	976
212	-20	991
207	-28	1001
206	-6	1005
204	-22	986
212	-22	1014
205	-16	991
213	-29	987
212	-24	979
210	-32	981
214	-29	952
197	-29	945
203	-33	952
214	-14	952
223	-20	975
220	-22	982
214	-16	990
209	-24	982
209	-19	960
213	-17	947
223	-15	963
217	-19	973
210	-21	968
211	-7	966
211	-4	974
210	-12	975
206	-14	957
214	-15	967
216	-7	967
214	-22	974
213	-21	974
206	-14	965
207	-21	950
212	-17	955
200	-17	944
220	-28	953
190	-29	949
157	-47	948
221	-5	955
183	-47	969
188	-26	1022
179	-51	961
210	-54	985
177	-57	974
171	-69	998
211	-94	964
179	-72	956
165	-94	988
177	-83	981
173	-71	984
157	-50	990
155	-78	998
163	-79	977
143	-46	971
158	-93	1002
179	-82	974
173	-56	984
154	-66	1005
154	-87	1006
172	-79	987
152	-67	992
129	-87	984
149	-110	954
154	-52	948
145	-96	964
154	-84	996
152	-73	975
134	-71	971
131	-83	981
111	-72	972
135	-45	986
119	-71	964
115	-103	988
102	-85	939
104	-67	952
86	-98	948
82	-121	942
109	-72	973
107	-82	991
137	-124	1019
127	-113	993
131	-110	1014
110	-159	1008
147	-127	1025
134	-141	1028
118	-175	1061
127	-176	1027
130	-139	1020
96	-159	990
95	-189	1016
93	-169	975
82	-174	985
112	-131	1025
67	-110	961
74	-160	966
85	-111	989
50	-134	962
64	-162	969
55	-146	966
104	-120	1015
96	-137	1020
121	-139	1038
130	-112	1001
151	-137	985
190	-108	998
219	-108	1040
226	-116	1007
186	-118	984
150	-141	993
146	-151	988
83	-156	999
64	-126	986
75	-136	998
53	-161	956
79	-119	908
131	-150	952
152	-118	1023
128	-134	1025
157	-128	1008
153	-139	980
140	-125	981
124	-111	1028
94	-107	977
96	-78	980
87	-135	1035
74	-120	1066
93	-117	1024
107	-111	1046
94	-103	1001
105	-101	1016
122	-122	994
116	-116	1003
101	-105	935
106	-115	921
107	-110	901
99	-102	925
87	-103	938
106	-93	971
49	-81	953
34	-128	944
51	-124	983
57	-113	953
84	-109	952
103	-118	1020
97	-147	974
129	-138	985
108	-122	989
126	-131	978
142	-133	1013
125	-87	1027
78	-147	1025
85	-174	1029
71	-118	1015
75	-105	1037
72	-116	1035
90	-121	997
115	-69	995
97	-52	998
110	-106	990
134	-111	978
124	-50	975
121	-71	973
114	-102	979
96	-89	963
73	-71	971
54	-89	973
45	-86	960
39	-54	924
59	-57	950
77	-72	994
78	-73	986
88	-66	950
112	-83	977
116	-73	1000
113	-83	981
92	-90	979
81	-99	999
56	-97	986
60	-86	971
56	-89	1002
57	-90	1007
69	-102	1021
75	-90	1006
102	-74	1027
99	-92	1021
119	-87	1002
118	-62	996
111	-83	995
106	-74	1004
86	-83	1007
73	-65	1003
53	-71	969
83	-64	955
88	-38	998
71	-53	1003
73	-61	990
76	-46	995
82	-68	981
101	-77	992
102	-54	983
115	-57	1003
121	-65	1015
116	-85	1026
96	-57	1024
91	-86	1007
91	-79	1005
83	-73	994
73	-74	993
95	-81	995
103	-34	1002
96	-42	990
98	-83	1010
96	-46	973
111	-31	992
103	-59	1010
92	-81	998
85	-44	975
88	-49	985
92	-66	989
83	-54	980
80	-67	1031
89	-65	997
92	-72	984
122	-59	999
123	-65	1000
102	-87	972
119	-66	956
124	-65	971
119	-89	1003
128	-82	1005
123	-40	1007
101	-75	1016
104	-94	1035
100	-60	1003
83	-59	1009
87	-67	979
111	-66	987
100	-44	973
105	-33	964
115	-44	984
119	-36	988
115	-22	1001
99	-49	979
107	-45	969
118	-19	997
125	-46	1020
110	-47	1008
90	-39	987
102	-49	995
109	-42	989
109	-37	991
104	-41	1001
121	-47	991
148	-21	984
131	-23	1001
118	-50	1007
106	-55	963
127	-36	979
111	-13	989
114	-28	980
123	-17	978
104	-32	993
96	-21	976
112	-12	986
105	-10	991
99	-23	975
123	-3	967
124	2	974
124	-15	1008
120	-14	996
116	-19	987
103	9	964
125	-32	988
135	8	1009
113	-9	984
129	-3	990
133	9	1001
115	-15	1018
127	2	969
127	0	960
130	-3	985
137	-12	1013
134	6	982
127	-20	1004
97	-7	963
136	4	964
134	-5	990
129	10	981
122	1	988
141	10	959
139	19	982
116	-28	965
132	-14	953
126	-6	996
128	-29	1007
143	-10	1008
131	10	1000
133	-7	1000
128	-13	1001
123	24	976
128	-10	1010
109	-5	992
103	-21	955
122	7	960
135	11	957
138	-0	965
127	-3	973
131	-6	954
137	2	960
125	14	958
142	2	992
146	4	993
108	18	963
120	-4	995
116	-29	986
115	25	956
134	29	1000
125	7	956
124	-9	972
118	-18	958
129	-1	982
118	-18	970
127	-1	984
106	9	981
113	-2	968
131	6	982
125	13	988
120	-12	990
136	1	969
151	14	961
142	18	990
126	16	949
133	7	973
135	14	986
131	21	982
120	-16	978
128	-8	992
124	-1	976
144	9	974
128	-21	990
124	7	971
132	15	965
147	-19	1015
127	-5	983
131	12	977
117	-26	966
147	20	971
131	23	954
130	19	984
143	7	970
138	10	985
137	-8	1005
156	5	1012
161	10	1008
151	-1	982
150	6	986
156	33	974
163	17	1008
145	-3	1000
166	60	974
164	12	1029
159	35	982
178	-14	986
165	30	966
136	4	1038
149	-23	971
117	24	932
164	-29	1010
131	22	969
155	32	953
171	22	1002
175	13	992
155	16	1034
161	74	950
196	-16	1033
146	71	958
173	-2	968
161	45	962
162	-10	995
157	38	966
195	88	945
195	33	980
192	59	962
176	31	961
168	45	963
140	2	894
195	59	858
195	55	912
229	43	922
220	46	987
224	121	973
220	8	1006
181	38	994
223	32	947
217	17	1043
199	-24	979
204	40	958
191	-4	1010
155	-12	931
165	35	876
226	31	953
210	33	980
193	7	947
171	54	871
217	55	1011
257	68	1047
281	70	958
303	64	1032
276	18	964
273	-3	910
300	53	939
312	39	965
326	35	950
371	44	889
386	45	991
378	73	950
408	74	886
406	85	945
346	81	872
436	81	943
434	59	870
426	92	926
457	89	939
416	75	948
404	50	920
407	99	961
411	44	927
415	52	871
402	58	824
373	69	932
456	68	951
412	86	935
431	85	862
418	46	945
409	110	920
417	78	917
442	72	886
429	70	930
417	107	966
432	68	943
439	71	923
442	95	888
462	75	899
466	40	913
463	82	904
457	75	875
448	72	914
421	61	905
416	86	893
422	74	897
413	64	913
397	44	906
409	101	874
401	71	899
394	58	948
382	76	927
372	83	887
363	50	912
330	59	869
418	60	1001
280	7	1022
316	88	999
326	37	956
313	37	1094
271	73	1029
249	50	983
320	38	1014
217	67	990
241	62	1008
287	53	966
258	69	1004
191	37	1003
192	25	942
198	27	877
165	56	942
202	-1	901
358	59	972
341	150	1077
260	88	1238
269	-7	1038
338	24	1092
308	87	1042
287	21	989
315	-18	1097
242	10	959
242	100	946
170	76	951
142	72	1004
138	63	810
144	75	888
110	9	855
102	51	830
124	79	786
134	49	832
106	-6	803
147	6	792
150	18	770
138	8	800
178	5	714
152	12	685
230	45	668
338	88	958
278	85	1104
305	107	1024
297	87	1185
252	64	1179
263	53	1214
323	75	1205
314	39	1228
300	72	1203
359	73	1205
385	46	1187
344	102	1099
364	105	1026
368	57	958
314	60	854
309	50	829
302	45	733
222	3	744
172	5	702
157	-5	663
146	6	701
136	18	747
136	19	697
98	26	648
104	58	713
118	53	713
177	50	759
201	53	896
219	82	1031
260	76	1034
308	56	1073
281	45	1205
249	60	1242
269	33	1199
287	47	1264
236	41	1335
199	29	1260
232	42	1160
234	56	1180
220	39	1169
228	51	1081
225	35	1044
201	30	1020
194	40	947
185	32	891
167	39	874
163	24	837
163	35	826
171	61	820
188	54	859
161	35	851
96	17	893
44	6	882
26	19	884
-4	5	925
-0	12	960
28	18	959
76	13	956
94	29	1016
121	27	1012
146	25	998
137	-1	1057
121	49	1060
92	14	1047
76	37	1069
33	35	1033
49	10	1042
50	44	1030
44	30	1029
49	21	1030
52	40	992
52	35	979
76	11	986
65	27	976
62	0	988
52	-1	989
25	-2	966
40	13	987
24	7	992
14	-7	997
29	5	1006
16	-3	1033
37	7	1007
30	37	1010
14	24	985
35	20	1001
21	19	994
5	40	984
19	13	1022
28	-12	1041
17	17	1017
17	9	970
42	-9	1019
8	-0	1005
22	-3	1011
21	6	995
22	-2	991
33	20	1013
34	6	1008
42	19	990
13	5	1007
44	-11	904
45	15	958
3	10	988
10	1	931
42	-6	1012
26	-7	1005
44	26	985
53	11	1005
32	-3	996
29	-28	983
32	-1	989
29	3	980
46	-2	1049
32	-21	1037
33	3	1036
36	12	1025
55	-6	1060
63	5	1048
40	4	1040
62	9	1018
64	24	1024
65	1	1034
47	16	1002
33	-2	946
56	21	987
49	22	1002
61	26	982
43	25	945
55	30	977
51	22	1016
66	11	998
47	33	982
50	-3	972
69	24	984
61	6	986
62	-21	1016
50	-21	998
70	-24	1021
81	-11	1034
66	-11	1004
50	-21	995
48	16	984
50	15	966
54	49	970
60	49	976
80	23	973
83	33	988
64	9	994
81	-3	990
65	30	936
58	13	962
44	-1	959
35	-17	934
58	16	923
72	23	974
76	3	952
84	12	960
84	-2	983
121	3	995
105	36	978
78	-15	986
92	-23	984
77	16	940
92	32	985
64	24	976
79	4	952
98	38	975
99	-3	985
127	12	1005
102	35	972
123	10	999
149	37	1019
136	-14	1017
141	19	1010
112	24	1006
104	1	977
119	19	974
126	8	1003
120	-9	1036
90	24	959
120	40	969
132	8	1008
129	53	997
94	-4	968
144	5	977
121	10	983
125	28	966
113	-5	940
132	50	935
98	6	962
137	44	976
116	6	995
129	66	990
138	4	1011
150	24	1002
122	-0	1013
124	57	954
126	-12	1020
112	35	972
128	15	996
116	67	959
145	11	1012
88	50	964
133	41	963
116	-8	1009
122	71	964
133	-41	1018
131	85	949
118	-44	1021
108	75	953
148	-5	995
112	34	979
151	57	963
156	-14	1012
154	68	953
158	-30	1050
123	89	953
162	-39	1002
112	67	970
140	25	967
131	-27	1050
97	94	931
134	-34	1037
109	104	957
135	-20	999
127	53	984
124	4	958
144	15	994
148	67	984
133	-76	1018
114	66	923
143	-42	1000
133	29	999
112	64	929
170	2	1004
136	82	943
169	-17	1011
148	15	1018
107	93	898
157	-30	1020
107	40	953
140	39	931
144	-12	1008
98	45	954
145	22	989
133	3	1012
116	53	973
162	-21	1002
136	6	1018
111	58	911
171	-36	973
131	12	959
119	90	911
167	-26	1002
142	29	989
135	86	947
176	-20	1040
134	21	995
116	68	908
168	-26	959
140	21	1004
110	76	929
172	-28	1032
145	18	1033
118	66	984
141	-24	993
158	-36	1017
138	66	974
164	-58	991
194	-43	1063
118	65	941
140	-9	988
131	-42	1013
101	53	918
107	83	930
149	3	1018
127	14	1042
118	101	951
177	-6	1046
173	-56	1086
121	52	936
143	42	961
180	-42	1073
137	44	994
163	8	976
146	-46	1033
113	70	912
154	72	930
181	-34	1015
138	6	993
116	101	868
169	18	966
160	-19	1018
117	71	931
142	88	917
178	-13	1025
156	-13	1041
127	56	975
141	70	932
177	4	1019
153	-6	1030
118	59	962
125	77	943
165	6	999
166	-3	1025
128	69	972
136	73	955
181	9	999
176	-10	1016
123	69	968
131	83	943
177	4	1002
160	-1	1027
119	58	981
116	105	946
143	30	951
177	-1	1021
137	16	982
120	62	918
120	65	920
149	20	966
160	-3	991
143	59	974
125	86	951
165	39	975
183	-21	1040
125	39	986
128	67	917
166	38	979
172	11	1021
155	6	1008
140	76	952
145	77	947
173	26	979
172	1	991
150	29	986
137	84	929
156	79	923
180	20	965
180	-5	1000
155	30	957
140	83	917
168	76	921
204	26	983
180	25	984
166	54	920
179	74	945
183	32	938
212	15	1039
177	19	922
193	61	1051
90	40	528
