A_X [mg]	A_Y [mg]	A_Z [mg]
-412	-1651	-191
-297	-1672	-210
-165	-1556	-294
195	-1352	-327
627	-901	-470
838	-602	-478
285	-888	-416
-162	-1126	-283
-307	-1716	-241
-429	-2007	-244
-505	-2052	-202
-531	-1987	-153
-626	-1762	-122
-683	-1678	76
-723	-1609	354
-778	-1547	706
-824	-1551	727
-1001	-1302	679
-828	-1193	825
-606	-1315	600
-554	-1325	360
-540	-1679	152
-474	-1953	-36
-432	-2110	-180
-332	-1847	-270
-294	-1552	-258
-404	-1474	-218
-414	-1461	-259
-350	-1413	-271
-230	-1325	-313
149	-1242	-330
525	-848	-407
526	-769	-319
237	-780	-358
-88	-1105	-241
-309	-1577	-160
-363	-1893	-259
-479	-2104	-180
-614	-2168	-165
-729	-1990	-155
-972	-1908	173
-937	-1792	520
-927	-1641	903
-751	-1326	790
-586	-1057	640
-556	-1183	512
-589	-1137	257
-641	-1602	138
-565	-1961	126
-484	-1894	4
-359	-1739	-150
-357	-1560	-239
-380	-1499	-243
-349	-1506	-230
-279	-1493	-255
-269	-1416	-315
-177	-1388	-377
205	-1056	-358
534	-805	-363
276	-743	-330
52	-1012	-199
-156	-1485	-161
-314	-1650	-235
-472	-1848	-174
-609	-1970	-20
-679	-1799	-98
-937	-1867	163
-1029	-1698	432
-870	-1586	673
-674	-1252	610
-666	-1098	532
-777	-1239	417
-721	-1083	264
-690	-1560	156
-554	-1781	69
-454	-1773	-57
-347	-1624	-91
-289	-1500	-123
-303	-1419	-138
-282	-1412	-154
-258	-1410	-176
-219	-1302	-184
-46	-1155	-211
162	-893	-301
256	-828	-279
175	-882	-260
-42	-1014	-181
-186	-1413	-97
-281	-1543	-160
-392	-1620	-179
-477	-1685	-58
-571	-1641	-173
-747	-1667	-22
-974	-1612	264
-920	-1582	454
-880	-1406	539
-765	-1228	463
-659	-1188	524
-663	-1191	457
-652	-1269	299
-604	-1774	156
-463	-1845	56
-297	-1775	57
-264	-1569	-40
-273	-1411	-127
-307	-1343	-173
-293	-1364	-187
-283	-1404	-204
-270	-1362	-290
-77	-1211	-343
291	-974	-330
352	-885	-355
150	-758	-278
-68	-1219	-165
-229	-1408	-121
-402	-1594	-195
-466	-1703	-62
-570	-1749	-83
-689	-1737	-19
-1020	-1802	329
-1018	-1665	586
-834	-1489	789
-560	-1267	699
-511	-1239	630
-559	-1241	519
-582	-1303	354
-563	-1840	241
-425	-1909	149
-350	-1818	59
-310	-1598	-35
-352	-1427	-127
-357	-1371	-179
-308	-1382	-193
-244	-1354	-202
-121	-1267	-251
141	-971	-329
404	-751	-337
305	-894	-296
95	-881	-322
-146	-1405	-244
-348	-1672	-133
-516	-1871	-97
-591	-1888	24
-584	-1751	-89
-644	-1738	90
-843	-1661	619
-859	-1618	953
-716	-1441	997
-465	-1243	782
-363	-1232	664
-414	-1258	432
-503	-1350	315
-600	-1954	296
-554	-1965	129
-462	-1907	-58
-388	-1620	-159
-363	-1408	-193
-336	-1319	-202
-270	-1318	-219
-250	-1349	-212
-190	-1235	-208
177	-938	-197
385	-545	-242
272	-761	-199
168	-750	-233
-139	-1184	-150
-328	-1614	-34
-365	-1930	-121
-440	-2056	-105
-574	-1979	-100
-727	-1777	-59
-909	-1717	146
-854	-1683	386
-909	-1536	564
-888	-1279	432
-853	-1037	488
-897	-1206	423
-824	-1243	259
-695	-1705	178
-464	-1842	65
-338	-1788	53
-338	-1588	12
-396	-1486	-95
-399	-1446	-185
-353	-1447	-208
-313	-1507	-209
-225	-1539	-273
177	-1153	-316
518	-770	-299
364	-904	-174
234	-895	-231
-80	-1314	-261
-260	-1398	-139
-447	-1593	-63
-522	-1821	-20
-650	-1954	-46
-823	-1906	194
-978	-1548	700
-671	-1276	1129
-191	-1266	1134
-434	-1197	830
-912	-1454	586
-843	-1465	194
-594	-1799	297
-507	-2323	320
-511	-2263	-39
-395	-1813	-247
-353	-1689	-249
-367	-1582	-306
-336	-1457	-339
-188	-1356	-332
-162	-1125	-401
-131	-966	-418
-52	-767	-348
-54	-728	-292
-30	-578	-311
-104	-433	-133
-413	-705	352
-374	-956	438
-139	-1306	122
-153	-1927	311
-529	-2369	734
-555	-2097	475
-578	-1717	693
-391	-1245	1161
-358	-1278	1067
-746	-1201	718
-963	-1206	585
-753	-1564	473
-472	-1483	303
-482	-1733	185
-618	-1952	15
-631	-1849	-239
-440	-1598	-254
-410	-1498	-200
-471	-1407	-294
-424	-1377	-390
-365	-1342	-406
-285	-1305	-393
-232	-1294	-410
-244	-1160	-398
-203	-1114	-317
79	-748	-118
-3	-529	408
146	-603	392
315	-835	166
151	-1210	155
-156	-1825	369
-478	-2265	665
-412	-2338	1006
-854	-1696	761
-376	-1479	954
-38	-1499	760
-320	-1280	638
-657	-1292	553
-903	-1293	369
-880	-1194	218
-837	-1638	15
-624	-1629	-205
-361	-1352	-293
-275	-1174	-223
-373	-1213	-213
-477	-1397	-275
-504	-1679	-354
-458	-1913	-514
-330	-1910	-667
-106	-1762	-472
139	-1384	-255
615	-463	-157
619	-375	62
207	-859	80
-86	-1012	42
-237	-1218	241
-347	-1422	450
-159	-1581	720
-688	-1638	506
-421	-1526	524
-300	-1519	578
-240	-1542	443
-520	-1409	437
-830	-1419	354
-886	-1264	231
-635	-1334	106
-460	-1340	-10
-373	-1332	-65
-329	-1093	-86
-269	-932	-104
-293	-924	-130
-334	-1111	-156
-381	-1399	-203
-413	-1635	-291
-367	-1720	-454
-197	-1578	-445
213	-1417	-311
578	-669	-279
56	-845	-104
-106	-939	30
-71	-918	-11
-211	-1013	-141
-305	-1438	744
-667	-1100	269
-464	-1439	-217
-906	-1777	307
-1056	-1501	234
-912	-1330	33
-495	-1275	490
-269	-1339	540
-389	-1191	356
-516	-1480	178
-487	-1524	61
-357	-1421	43
-312	-1233	17
-293	-1136	-73
-342	-1132	-146
-358	-1244	-202
-332	-1460	-219
-296	-1427	-247
-200	-1258	-288
-99	-1124	-250
81	-1028	-174
197	-698	-168
-92	-771	-176
-397	-1028	-55
-366	-1126	16
-358	-1254	60
-226	-1436	45
-630	-1404	44
-648	-1780	-24
-1058	-1674	308
-1056	-1381	229
-765	-1287	318
-592	-1159	404
-644	-1242	331
-646	-1182	206
-688	-1635	25
-541	-1572	-47
-376	-1489	33
-343	-1328	21
-344	-1260	-82
-382	-1274	-144
-362	-1387	-169
-288	-1497	-141
-255	-1540	-173
-63	-1298	-275
333	-1050	-254
374	-939	-400
19	-744	-311
-254	-1065	-163
-256	-1256	-120
-348	-1500	-128
-529	-1604	-65
-611	-1634	-63
-652	-1548	-185
-871	-1589	-67
-819	-1520	302
-829	-1487	671
-854	-1247	505
-830	-1194	369
-739	-1356	239
-578	-1316	214
-496	-1657	197
-440	-1609	169
-427	-1607	77
-398	-1426	-47
-353	-1309	-116
-317	-1255	-137
-266	-1273	-159
-245	-1335	-177
-212	-1274	-231
-150	-1217	-294
1	-1049	-314
87	-1090	-280
47	-762	-254
-234	-855	-126
-420	-1151	33
-307	-1251	-33
-284	-1362	-87
-330	-1624	-112
-513	-1800	-256
-898	-2044	-68
-1346	-1669	-62
-950	-1556	69
-949	-1378	336
-917	-1094	406
-864	-1211	377
-719	-1071	271
-667	-1550	76
-467	-1731	-19
-300	-1713	60
-317	-1541	66
-334	-1429	-66
-379	-1383	-164
-386	-1422	-216
-343	-1561	-221
-305	-1514	-211
-202	-1290	-263
-21	-1049	-255
107	-1010	-265
205	-705	-312
-34	-835	-98
-191	-1094	43
-266	-1264	-5
-320	-1410	-34
-433	-1618	47
-675	-1760	64
-617	-1993	-53
-1156	-1896	188
-1064	-1455	320
-689	-1377	448
-736	-1143	383
-868	-1278	267
-798	-1090	143
-676	-1426	75
-506	-1538	72
-386	-1585	33
-375	-1441	-34
-370	-1364	-114
-352	-1369	-155
-339	-1409	-174
-304	-1515	-167
-268	-1429	-182
-187	-1293	-258
98	-1030	-200
279	-969	-220
203	-771	-298
-101	-992	-157
-275	-1279	-1
-314	-1359	30
-334	-1318	-38
-320	-1386	-40
-398	-1570	-128
-593	-1884	-113
-951	-1952	42
-1162	-1638	184
-1014	-1479	333
-809	-1168	431
-810	-1201	464
-813	-1124	303
-721	-1358	118
-533	-1572	49
-335	-1595	74
-296	-1528	93
-347	-1426	-27
-368	-1433	-153
-365	-1475	-213
-327	-1572	-205
-310	-1572	-199
-257	-1451	-285
24	-1237	-318
430	-970	-219
418	-725	-276
180	-830	-199
-146	-1234	-130
-294	-1374	-42
-373	-1487	-40
-431	-1588	56
-480	-1650	-53
-586	-1932	-136
-938	-2016	35
-920	-1664	242
-854	-1450	650
-825	-1150	705
-794	-1173	616
-612	-1108	397
-500	-1434	163
-358	-1679	104
-246	-1727	214
-299	-1617	158
-322	-1474	-30
-363	-1399	-167
-407	-1410	-240
-361	-1533	-239
-290	-1490	-208
-210	-1261	-260
-17	-1060	-272
256	-885	-188
296	-671	-288
67	-810	-201
-132	-1232	-127
-362	-1402	-29
-402	-1480	31
-438	-1541	134
-385	-1599	1
-431	-1899	-47
-831	-2107	380
-1066	-1706	730
-970	-1425	707
-778	-1158	594
-780	-1321	295
-732	-1064	81
-614	-1354	73
-540	-1558	143
-503	-1565	73
-427	-1489	-43
-414	-1455	-172
-389	-1434	-223
-315	-1430	-207
-261	-1485	-168
-239	-1424	-150
-193	-1228	-163
145	-940	-108
526	-707	-160
254	-724	-130
-145	-1106	53
-287	-1515	46
-235	-1703	-81
-420	-1678	-95
-460	-1569	-12
-547	-1414	-58
-873	-1539	163
-896	-1544	186
-743	-1472	335
-735	-1371	411
-832	-1072	293
-897	-1137	265
-852	-1172	127
-687	-1440	43
-568	-1675	24
-463	-1643	3
-418	-1563	-49
-374	-1436	-119
-319	-1333	-158
-299	-1261	-164
-256	-1308	-156
-259	-1383	-138
-229	-1332	-160
20	-1066	-211
260	-842	-206
256	-886	-201
125	-927	-280
-135	-1277	-290
-343	-1522	-157
-425	-1655	-164
-514	-1659	-30
-606	-1585	35
-624	-1553	-99
-750	-1749	7
-756	-1650	395
-724	-1391	725
-825	-1167	579
-960	-1157	404
-782	-1199	211
-550	-1345	119
-470	-1823	88
-457	-1736	117
-448	-1667	90
-433	-1549	-36
-420	-1437	-151
-352	-1331	-181
-257	-1279	-152
-196	-1222	-130
-227	-1115	-160
-130	-946	-255
-56	-925	-242
9	-961	-303
-106	-766	-265
-348	-1021	-97
-320	-1139	-26
-344	-1222	-91
-374	-1279	-16
-443	-1469	68
-439	-1607	-29
-563	-1925	-27
-913	-1889	274
-1008	-1581	404
-869	-1427	413
-752	-1163	423
-769	-1234	339
-709	-1098	188
-680	-1411	108
-550	-1432	68
-420	-1459	52
-341	-1400	-8
-341	-1350	-114
-333	-1361	-178
-311	-1392	-188
-304	-1478	-176
-293	-1493	-188
-272	-1309	-263
-174	-1179	-269
-12	-1248	-272
-75	-901	-262
115	-713	-27
-114	-822	120
-163	-908	132
-170	-1024	29
-228	-1331	29
-334	-1629	-130
-538	-2017	-340
-1148	-2160	-133
-1295	-1462	-92
-810	-1473	202
-844	-1172	402
-860	-1075	516
-695	-1048	344
-681	-1339	117
-570	-1583	1
-321	-1606	68
-243	-1540	124
-311	-1386	9
-381	-1338	-120
-413	-1314	-207
-375	-1352	-220
-282	-1330	-185
-228	-1193	-193
-133	-1042	-217
53	-907	-143
140	-896	-155
17	-695	-121
-266	-925	74
-275	-1169	147
-239	-1347	19
-320	-1417	-8
-428	-1551	64
-490	-1627	27
-707	-1746	101
-950	-1532	246
-845	-1427	316
-758	-1366	228
-770	-1096	161
-857	-1185	166
-826	-1029	97
-756	-1396	12
-572	-1432	-24
-394	-1490	-52
-331	-1418	-52
-332	-1364	-95
-311	-1340	-137
-306	-1314	-156
-286	-1340	-147
-284	-1356	-171
-254	-1313	-255
90	-1089	-192
389	-953	-208
255	-847	-195
-126	-1003	9
-310	-1306	52
-246	-1403	-29
-404	-1430	-102
-500	-1454	2
-527	-1415	-83
-649	-1452	-16
-838	-1413	186
-832	-1354	376
-797	-1382	392
-757	-1162	219
-739	-1157	225
-700	-1163	219
-653	-1241	122
-635	-1620	51
-511	-1571	-27
-403	-1489	-79
-331	-1307	-106
-304	-1187	-109
-305	-1207	-120
-301	-1319	-135
-266	-1386	-133
-241	-1275	-148
-153	-1061	-179
-48	-916	-153
-47	-969	-144
-87	-914	-136
-304	-1148	-63
-324	-1175	2
-285	-1104	1
-290	-1101	39
-377	-1253	55
-417	-1484	-178
-682	-2052	-419
-1227	-2187	-355
-1243	-1480	-117
-1076	-1202	151
-1197	-1120	286
-1163	-1103	123
-753	-1145	40
-548	-1567	-9
-351	-1617	10
-309	-1632	86
-392	-1504	34
-369	-1433	-110
-381	-1360	-190
-389	-1388	-200
-355	-1518	-196
-329	-1490	-198
-229	-1333	-234
-50	-1163	-207
250	-1027	-215
285	-652	-331
-23	-716	-56
-158	-1003	33
-227	-1253	-75
-379	-1513	-119
-538	-1799	2
-594	-1853	-113
-774	-2005	-99
-1165	-1745	68
-841	-1600	447
-747	-1380	658
-736	-1063	646
-760	-1198	467
-703	-1156	238
-575	-1571	92
-374	-1743	117
-291	-1700	148
-344	-1502	47
-375	-1418	-115
-421	-1371	-205
-412	-1430	-251
-319	-1500	-220
-260	-1369	-224
-170	-1209	-278
55	-1031	-241
308	-885	-228
196	-678	-314
-147	-927	-122
-204	-1200	39
-210	-1463	24
-336	-1662	-6
-449	-1759	97
-423	-1692	-56
-646	-1863	70
-1030	-1759	531
-908	-1635	735
-745	-1377	626
-695	-1105	463
-696	-1256	331
-623	-1135	180
-562	-1515	86
-519	-1616	49
-491	-1604	0
-436	-1526	-72
-397	-1452	-174
-374	-1372	-203
-314	-1348	-206
-277	-1397	-186
-247	-1331	-143
-129	-1148	-128
138	-799	-111
260	-862	-150
193	-895	-148
-107	-1167	-38
-216	-1308	36
-274	-1356	25
-341	-1367	-11
-398	-1451	-9
-440	-1591	-108
-595	-1911	-69
-932	-1903	103
-1066	-1661	232
-978	-1407	356
-829	-1111	458
-772	-1236	353
-682	-1140	212
-590	-1449	145
-475	-1469	115
-430	-1557	129
-452	-1510	57
-444	-1519	-83
-417	-1526	-177
-394	-1468	-183
-374	-1449	-153
-192	-1257	-126
52	-963	-272
171	-778	-291
164	-1000	-190
86	-1009	-298
-171	-1306	-246
-317	-1482	-108
-353	-1539	-107
-467	-1492	-73
-525	-1507	-19
-547	-1473	-93
-733	-1618	25
-901	-1618	233
-869	-1560	447
-845	-1290	510
-840	-1121	515
-852	-1298	333
-689	-1301	176
-534	-1650	110
-375	-1703	103
-384	-1696	42
-393	-1534	-63
-349	-1400	-158
-355	-1294	-198
-310	-1258	-220
-248	-1289	-227
-264	-1398	-280
-215	-1418	-431
93	-1097	-402
308	-879	-242
137	-655	-228
27	-732	-40
-254	-1187	20
-246	-1591	-66
-473	-1902	-118
-609	-1927	31
-674	-1615	-45
-817	-1509	-42
-656	-1565	35
-619	-1517	285
-746	-1379	530
-831	-1117	442
-956	-1168	405
-831	-1198	245
-554	-1431	169
-344	-1716	141
-351	-1739	81
-391	-1699	0
-375	-1476	-124
-361	-1328	-203
-348	-1250	-240
-295	-1281	-255
-252	-1337	-274
-231	-1263	-290
-134	-1158	-313
153	-956	-157
331	-786	-218
275	-775	-333
-140	-1319	-183
-303	-1521	38
-242	-1568	56
-209	-1584	61
-296	-1661	-22
-455	-1734	-70
-842	-1927	117
-1078	-1685	273
-934	-1446	449
-774	-1180	501
-796	-1135	474
-833	-1228	289
-708	-1375	105
-516	-1681	-1
-362	-1717	18
-360	-1691	26
-372	-1571	-102
-370	-1485	-207
-388	-1410	-220
-335	-1400	-214
-284	-1408	-193
-256	-1361	-235
-49	-1147	-276
372	-924	-308
539	-718	-447
-33	-894	-146
-203	-1334	0
-224	-1499	-122
-336	-1660	-245
-540	-1768	3
-582	-1654	-9
-600	-1562	-81
-818	-1634	158
-743	-1725	364
-761	-1588	457
-794	-1276	396
-889	-1186	423
-776	-1130	309
-596	-1266	182
-507	-1517	138
-452	-1557	113
-397	-1570	36
-354	-1455	-64
-328	-1393	-131
-323	-1317	-180
-296	-1291	-180
-280	-1371	-178
-280	-1380	-228
-60	-1143	-263
327	-911	-237
433	-837	-353
102	-863	-226
-153	-1302	-101
-307	-1509	-57
-371	-1519	-82
-381	-1502	36
-415	-1486	32
-511	-1505	97
-703	-1591	378
-680	-1645	476
-665	-1585	461
-742	-1273	366
-856	-1182	401
-850	-1205	302
-661	-1245	152
-550	-1509	61
-480	-1519	18
-424	-1499	14
-397	-1387	-55
-370	-1361	-120
-353	-1333	-157
-328	-1380	-166
-313	-1440	-166
-202	-1347	-205
138	-999	-230
340	-798	-225
290	-944	-230
38	-993	-208
-181	-1407	-73
-327	-1536	-13
-353	-1556	-37
-373	-1582	123
-415	-1549	134
-486	-1483	62
-621	-1620	185
-803	-1561	277
-989	-1396	268
-979	-1113	267
-885	-1166	357
-835	-1181	207
-768	-1436	65
-603	-1681	25
-408	-1696	31
-319	-1628	20
-358	-1520	-76
-374	-1495	-143
-376	-1472	-179
-349	-1520	-187
-358	-1580	-203
-217	-1440	-300
275	-1060	-280
708	-752	-288
456	-813	-237
127	-1115	-158
-144	-1467	-102
-312	-1592	-85
-387	-1661	-58
-496	-1754	-16
-578	-1727	-207
-861	-1782	-71
-1068	-1753	163
-966	-1647	468
-807	-1317	589
-720	-1073	583
-817	-1230	475
-773	-1164	274
-596	-1578	135
-424	-1806	146
-310	-1798	183
-336	-1616	58
-417	-1490	-102
-463	-1410	-150
-424	-1393	-174
-346	-1443	-158
-261	-1469	-193
50	-1225	-258
436	-791	-293
386	-782	-273
138	-772	-215
-85	-1140	-226
-282	-1507	-190
-540	-1762	-115
-673	-1764	51
-662	-1638	42
-578	-1587	-56
-688	-1787	176
-758	-1766	539
-758	-1537	718
-788	-1281	638
-796	-1071	588
-736	-1278	399
-573	-1241	228
-494	-1673	168
-487	-1741	122
-470	-1764	29
-434	-1584	-93
-386	-1448	-203
-372	-1353	-232
-338	-1353	-221
-307	-1402	-208
-292	-1365	-224
-94	-1238	-265
258	-908	-250
380	-914	-320
228	-804	-218
-127	-1258	-91
-289	-1469	-22
-324	-1614	-59
-389	-1655	44
-381	-1708	19
-422	-1895	-180
-790	-2191	-9
-1160	-1870	304
-1084	-1547	510
-947	-1286	523
-801	-1070	505
-726	-1093	371
-643	-1047	240
-587	-1503	60
-535	-1744	24
-455	-1748	91
-421	-1713	-9
-434	-1707	-199
-485	-1656	-263
-455	-1644	-233
-371	-1614	-183
-268	-1477	-193
115	-1165	-175
560	-705	-205
540	-799	-230
250	-852	-228
-87	-1317	-211
-277	-1552	-124
-357	-1754	-114
-457	-1885	-13
-544	-1870	19
-620	-1764	-19
-761	-1832	168
-749	-1744	419
-791	-1563	514
-903	-1177	402
-998	-1031	403
-851	-1073	275
-616	-1249	103
-528	-1647	-10
-503	-1684	-13
-449	-1602	-3
-381	-1482	-82
-376	-1448	-187
-402	-1467	-235
-362	-1611	-228
-340	-1708	-186
-291	-1621	-182
183	-1253	-189
628	-699	-289
524	-737	-230
167	-949	-172
-94	-1405	-184
-287	-1606	-122
-379	-1752	-38
-440	-1803	44
-508	-1724	-76
-656	-1738	-52
-899	-1670	260
-786	-1576	464
-778	-1332	551
-734	-1020	494
-814	-1075	503
-755	-1135	292
-695	-1511	132
-453	-1789	142
-309	-1858	109
-292	-1727	42
-379	-1611	-74
-415	-1563	-181
-477	-1576	-240
-436	-1696	-224
-225	-1619	-243
152	-1300	-280
549	-704	-389
558	-826	-340
336	-860	-342
10	-1309	-277
-177	-1614	-191
-363	-1823	-127
-484	-1858	12
-562	-1763	87
-531	-1597	-72
-684	-1670	260
-709	-1701	650
-673	-1635	726
-664	-1300	600
-719	-1044	559
-736	-1219	415
-675	-1243	225
-622	-1749	90
-507	-1812	69
-434	-1701	48
-408	-1533	-51
-426	-1436	-158
-443	-1379	-209
-357	-1390	-202
-300	-1423	-172
-219	-1366	-205
124	-998	-234
424	-671	-246
312	-877	-251
63	-1019	-236
-146	-1514	-193
-346	-1677	-108
-440	-1698	-68
-492	-1650	72
-507	-1467	-16
-560	-1481	-29
-736	-1741	172
-822	-1765	435
-835	-1488	554
-807	-1160	516
-842	-1147	524
-782	-1204	313
-660	-1477	133
-519	-1749	80
-402	-1747	95
-375	-1622	54
-379	-1491	-68
-393	-1435	-165
-413	-1412	-210
-347	-1480	-211
-284	-1472	-191
-143	-1312	-223
200	-918	-222
351	-722	-161
260	-816	-169
49	-951	-172
-237	-1354	-78
-331	-1517	-21
-357	-1634	-33
-372	-1703	-1
-457	-1700	-116
-647	-1858	-9
-957	-1906	257
-994	-1674	477
-855	-1394	634
-675	-1102	574
-682	-1146	550
-707	-1063	356
-675	-1336	154
-564	-1716	70
-442	-1705	87
-368	-1660	57
-381	-1555	-84
-430	-1555	-198
-455	-1558	-229
-360	-1576	-199
-292	-1494	-156
-143	-1347	-168
296	-927	-191
554	-593	-207
401	-706	-191
58	-988	-189
-142	-1461	-167
-371	-1697	-130
-431	-1752	-64
-543	-1717	40
-604	-1561	-123
-678	-1785	-79
-805	-1873	261
-825	-1652	669
-802	-1417	776
-736	-1117	646
-706	-1214	572
-668	-1197	354
-548	-1460	169
-456	-1794	167
-379	-1752	169
-384	-1675	52
-440	-1542	-112
-488	-1485	-191
-426	-1444	-217
-280	-1445	-199
-222	-1407	-205
-98	-1281	-239
218	-875	-263
368	-723	-246
323	-720	-279
-8	-1052	-201
-244	-1464	-74
-347	-1710	-64
-439	-1871	-33
-506	-1911	109
-551	-1663	92
-625	-1621	278
-675	-1753	572
-684	-1624	676
-688	-1365	595
-712	-1021	512
-704	-1170	491
-708	-1158	314
-654	-1553	156
-534	-1749	106
-422	-1697	69
-390	-1605	12
-411	-1533	-87
-419	-1499	-154
-410	-1520	-182
-385	-1548	-151
-322	-1465	-143
-63	-1253	-163
288	-856	-193
499	-747	-221
370	-783	-274
-48	-1208	-228
-209	-1536	-167
-392	-1677	-159
-490	-1772	-69
-591	-1813	-6
-607	-1781	-170
-810	-1888	-27
-979	-1739	351
-916	-1610	702
-861	-1314	617
-687	-1053	578
-656	-1162	546
-671	-1155	345
-619	-1709	182
-486	-1946	125
-333	-1825	134
-295	-1621	54
-397	-1535	-92
-515	-1527	-180
-458	-1642	-213
-352	-1633	-188
-230	-1438	-249
167	-1061	-274
587	-655	-321
344	-765	-300
158	-923	-341
-116	-1405	-292
-347	-1531	-168
-524	-1683	-86
-666	-1699	0
-612	-1688	-71
-607	-1883	-54
-854	-1994	333
-890	-1681	661
-815	-1443	758
-629	-1174	713
-555	-1138	708
-666	-1207	475
-723	-1479	229
-566	-1898	177
-345	-1835	183
-295	-1710	100
-380	-1558	-80
-471	-1495	-183
-456	-1441	-228
-327	-1465	-218
-267	-1445	-208
-206	-1282	-244
-13	-995	-255
187	-833	-216
209	-783	-280
92	-744	-248
-185	-1087	-117
-387	-1370	-16
-456	-1600	-12
-558	-1744	99
-571	-1725	35
-548	-1788	-35
-859	-1872	394
-857	-1628	648
-720	-1459	640
-716	-1158	501
-803	-1195	479
-772	-1190	310
-623	-1516	155
-478	-1789	75
-366	-1724	85
-357	-1579	52
-421	-1460	-77
-434	-1380	-155
-388	-1335	-187
-286	-1324	-173
-237	-1236	-151
-152	-1095	-166
34	-833	-179
162	-714	-253
158	-902	-353
-80	-1007	-309
-327	-1375	-148
-389	-1622	-61
-476	-1750	-72
-484	-1742	43
-506	-1615	16
-620	-1574	58
-771	-1661	310
-728	-1661	482
-719	-1440	501
-821	-1097	418
-990	-1178	401
-896	-1147	281
-711	-1516	168
-493	-1775	59
-305	-1802	16
-282	-1665	14
-349	-1576	-59
-394	-1531	-143
-379	-1482	-198
-310	-1465	-217
-251	-1373	-224
-178	-1215	-239
112	-903	-207
289	-699	-183
339	-790	-259
43	-1120	-214
-170	-1465	-107
-356	-1571	-81
-392	-1675	-20
-468	-1743	60
-575	-1775	58
-839	-1886	395
-869	-1654	615
-561	-1592	739
-448	-1360	636
-630	-1226	540
-806	-1338	384
-725	-1292	177
-591	-1648	46
-488	-1540	19
-418	-1408	32
-408	-1268	-63
-415	-1263	-166
-416	-1311	-215
-371	-1468	-203
-356	-1568	-169
-272	-1513	-232
20	-1174	-216
373	-884	-204
335	-797	-313
19	-879	-203
-269	-1164	-91
-313	-1279	-79
-344	-1385	-105
-515	-1478	7
-570	-1465	21
-515	-1577	-127
-745	-1824	36
-927	-1727	374
-792	-1535	562
-685	-1224	559
-746	-1090	564
-762	-1115	403
-659	-1359	155
-504	-1778	28
-296	-1719	91
-301	-1597	136
-364	-1486	-3
-459	-1454	-153
-499	-1450	-220
-406	-1509	-209
-289	-1449	-198
-84	-1239	-226
181	-814	-194
425	-744	-224
266	-764	-285
-31	-978	-242
-254	-1420	-105
-363	-1682	-42
-471	-1754	-13
-473	-1691	56
-485	-1547	-78
-626	-1642	2
-745	-1658	215
-680	-1536	375
-692	-1416	495
-782	-1096	355
-898	-1096	363
-883	-1227	235
-687	-1445	142
-496	-1722	105
-399	-1752	51
-387	-1590	-17
-416	-1457	-86
-356	-1403	-142
-326	-1374	-180
-281	-1400	-185
-287	-1370	-169
-237	-1277	-218
-42	-1060	-239
232	-893	-243
355	-776	-357
-11	-861	-293
-168	-1324	-153
-339	-1564	-29
-425	-1597	6
-422	-1539	132
-395	-1439	21
-415	-1508	-41
-646	-1776	189
-823	-1712	339
-872	-1497	319
-886	-1179	324
-887	-1129	431
-813	-1121	352
-694	-1431	165
-533	-1683	84
-364	-1673	76
-342	-1598	56
-389	-1490	-62
-417	-1435	-122
-366	-1366	-176
-319	-1384	-221
-286	-1423	-246
-230	-1346	-292
-28	-1104	-301
344	-1003	-283
484	-826	-445
-47	-986	-214
-200	-1306	-8
-336	-1519	3
-417	-1581	-46
-386	-1643	38
-430	-1638	-125
-671	-1821	-15
-896	-1776	235
-845	-1632	437
-853	-1368	545
-770	-1087	489
-803	-1081	479
-733	-1086	329
-644	-1369	187
-573	-1764	102
-489	-1833	49
-416	-1733	8
-401	-1609	-84
-411	-1537	-170
-396	-1491	-217
-333	-1493	-238
-280	-1457	-221
-216	-1332	-245
24	-1042	-233
220	-689	-151
147	-735	-148
69	-682	-88
-206	-1038	8
-293	-1373	20
-376	-1702	-56
-482	-1879	17
-561	-1838	-34
-626	-1638	-151
-902	-1623	77
-717	-1586	192
-819	-1461	370
-916	-1241	291
-912	-1035	293
-868	-1262	260
-646	-1185	168
-537	-1548	121
-498	-1545	49
-459	-1598	-1
-413	-1478	-50
-346	-1368	-145
-311	-1314	-187
-310	-1344	-200
-311	-1484	-201
-275	-1439	-242
-30	-1205	-267
224	-818	-243
212	-745	-200
77	-806	-251
-138	-1063	-200
-429	-1400	-3
-384	-1499	73
-345	-1322	43
-307	-1217	25
-293	-1162	5
-400	-1397	31
-643	-1648	153
-851	-1632	189
-1056	-1530	160
-1049	-1108	280
-866	-1270	440
-768	-1155	317
-695	-1388	129
-517	-1554	39
-360	-1629	25
-324	-1533	54
-338	-1407	-17
-342	-1344	-118
-352	-1310	-193
-344	-1406	-200
-304	-1449	-176
-239	-1235	-161
-139	-949	-129
-58	-950	-101
60	-808	-122
5	-684	-87
-163	-923	31
-221	-1091	78
-239	-1169	9
-275	-1274	26
-390	-1465	45
-486	-1734	34
-788	-1954	214
-1109	-1644	310
-815	-1592	353
-636	-1291	443
-722	-1222	473
-775	-1079	331
-714	-1271	151
-567	-1479	10
-373	-1444	-5
-329	-1339	58
-360	-1232	-8
-381	-1225	-126
-386	-1296	-190
-380	-1436	-188
-391	-1535	-196
-404	-1456	-248
83	-1124	-194
505	-745	-184
334	-800	-179
19	-1100	-116
-145	-1368	-167
-272	-1372	-172
-347	-1312	-102
-492	-1332	-26
-591	-1250	-71
-610	-1310	-21
-710	-1527	220
-838	-1673	409
-793	-1471	405
-656	-1146	410
-687	-1133	497
-695	-1098	336
-665	-1273	128
-539	-1490	52
-403	-1493	31
-371	-1414	28
-388	-1269	-57
-397	-1215	-143
-376	-1230	-183
-330	-1294	-183
-300	-1365	-176
-279	-1289	-223
-136	-1042	-228
-33	-1064	-201
0	-921	-248
-166	-914	-179
-344	-1075	-51
-300	-1094	-7
-329	-1079	-4
-270	-1042	50
-693	-1207	175
-206	-1254	-179
-697	-1877	-59
-1144	-1812	72
-1024	-1394	-96
-697	-1193	194
-654	-1216	387
-711	-1106	314
-699	-1226	109
-603	-1388	13
-418	-1377	-6
-279	-1360	35
-268	-1252	-8
-301	-1221	-79
-337	-1279	-135
-328	-1403	-166
-308	-1507	-178
-287	-1432	-259
-73	-1132	-306
152	-860	-227
206	-827	-264
45	-990	-190
-65	-1230	-100
-241	-1264	-45
-334	-1205	-32
-386	-1211	-4
-410	-1294	-60
-527	-1568	-31
-784	-1702	237
-826	-1512	296
-740	-1490	357
-603	-1220	338
-628	-1128	386
-691	-1077	373
-729	-1345	158
-625	-1640	-31
-388	-1498	-49
-230	-1371	34
-274	-1258	-38
-358	-1235	-123
-414	-1304	-165
-383	-1410	-165
-324	-1423	-165
-258	-1416	-280
-42	-1152	-330
212	-1055	-345
223	-776	-413
-29	-889	-219
-71	-1181	-130
-247	-1294	-85
-350	-1362	-16
-382	-1470	134
-357	-1494	44
-482	-1620	-4
-753	-1794	252
-778	-1623	370
-740	-1449	377
-736	-1145	351
-756	-1140	371
-683	-1008	298
-632	-1309	132
-570	-1643	-41
-417	-1576	-58
-299	-1419	-17
-318	-1304	-65
-375	-1293	-129
-427	-1387	-172
-420	-1545	-180
-395	-1620	-227
-270	-1606	-373
43	-1274	-367
462	-976	-355
350	-652	-400
95	-938	-304
-101	-1165	-237
-316	-1322	-139
-423	-1435	-46
-507	-1555	88
-500	-1503	59
-572	-1787	124
-756	-1945	441
-654	-1677	609
-564	-1381	611
-585	-1054	542
-727	-1154	438
-742	-1123	236
-577	-1529	61
-382	-1657	8
-298	-1615	32
-320	-1439	-22
-337	-1338	-132
-372	-1338	-193
-382	-1430	-225
-300	-1563	-222
-251	-1499	-224
-173	-1348	-264
27	-1055	-215
246	-885	-224
258	-607	-258
-41	-871	-109
-204	-1212	0
-291	-1451	-33
-401	-1560	-43
-428	-1592	41
-566	-1517	118
-749	-1665	305
-693	-1627	260
-534	-1517	358
-563	-1327	351
-734	-1102	355
-781	-1217	356
-712	-1131	278
-555	-1464	105
-406	-1488	1
-343	-1453	23
-354	-1329	13
-366	-1259	-68
-404	-1248	-137
-451	-1292	-175
-428	-1365	-194
-408	-1294	-207
-301	-1291	-253
-112	-1069	-230
144	-920	-185
222	-747	-243
-47	-918	-99
-212	-1245	48
-287	-1447	45
-306	-1465	9
-318	-1443	55
-434	-1409	-41
-549	-1484	12
-761	-1553	190
-717	-1484	183
-689	-1446	123
-717	-1181	161
-763	-1127	223
-752	-1076	215
-679	-1210	176
-564	-1363	13
-428	-1473	-79
-369	-1498	-49
-338	-1357	-43
-291	-1239	-102
-296	-1197	-150
-291	-1231	-169
-294	-1322	-164
-285	-1333	-173
-244	-1284	-250
-120	-1127	-252
17	-1094	-244
34	-834	-251
-139	-937	-128
-246	-1051	7
-253	-1101	-10
-314	-1122	-45
-365	-1218	7
-426	-1361	-71
-509	-1562	-112
-720	-1668	94
-794	-1603	184
-764	-1475	159
-734	-1141	269
-739	-1201	300
-677	-1040	263
-590	-1297	119
-484	-1336	13
-377	-1390	15
-350	-1303	30
-304	-1207	-44
-312	-1168	-109
-324	-1221	-142
-326	-1406	-134
-326	-1576	-175
-292	-1553	-337
-95	-1373	-369
92	-1231	-387
140	-742	-354
-44	-854	-140
-68	-1093	-14
-230	-1183	-46
-280	-1133	-10
-305	-1176	104
-305	-1265	67
-432	-1475	39
-689	-1715	202
-784	-1655	223
-742	-1470	176
-663	-1170	316
-715	-1241	343
-705	-1074	214
-634	-1386	25
-489	-1374	-60
-369	-1374	-5
-341	-1263	6
-343	-1183	-74
-363	-1175	-141
-366	-1242	-163
-334	-1311	-159
-330	-1405	-161
-274	-1468	-272
-139	-1261	-317
-6	-1135	-320
72	-839	-292
-101	-864	-138
-207	-1097	118
-185	-1079	103
-147	-1001	-30
-247	-1094	11
-381	-1260	-10
-530	-1535	-25
-821	-1747	47
-972	-1547	3
-800	-1370	-74
-565	-1264	107
-667	-1276	279
-714	-1128	202
-660	-1145	79
-562	-1284	-5
-437	-1394	-27
-362	-1384	8
-306	-1249	-25
-284	-1145	-60
-299	-1118	-99
-297	-1186	-140
-275	-1293	-147
-274	-1413	-206
-251	-1323	-309
-188	-1170	-279
-135	-1101	-258
-151	-813	-277
-240	-913	-81
-309	-1001	82
-282	-981	10
-197	-892	-19
-232	-974	65
-329	-1117	63
-416	-1364	38
-607	-1628	143
-728	-1631	270
-719	-1468	189
-675	-1224	263
-657	-1316	362
-641	-1057	285
-588	-1181	77
-492	-1241	-17
-392	-1260	-14
-324	-1121	3
-299	-1036	-69
-313	-1051	-130
-344	-1154	-168
-325	-1299	-175
-322	-1442	-187
-294	-1608	-312
-207	-1547	-386
-50	-1355	-298
102	-1043	-231
58	-632	-185
-247	-755	-58
-394	-830	32
-309	-885	-2
-295	-993	37
-370	-1224	129
-432	-1364	115
-536	-1482	205
-636	-1472	326
-597	-1544	241
-571	-1388	244
-602	-1214	415
-681	-1131	504
-636	-1190	248
-463	-1423	-15
-257	-1448	-74
-162	-1292	12
-254	-1158	23
-328	-1094	-41
-349	-1159	-145
-358	-1399	-210
-327	-1641	-245
-264	-1654	-344
-119	-1339	-334
46	-1096	-220
88	-678	-214
6	-524	-72
-190	-782	83
-214	-958	50
-296	-1097	-10
-334	-1211	74
-370	-1323	119
-401	-1364	147
-523	-1448	361
-595	-1458	576
-582	-1471	452
-603	-1406	304
-670	-1412	311
-614	-1317	299
-506	-1245	245
-503	-1246	86
-516	-1309	-78
-500	-1211	-155
-422	-1017	-166
-363	-975	-173
-419	-1128	-238
-469	-1461	-351
-400	-1759	-519
-351	-1719	-684
-280	-1710	-572
326	-1438	-556
756	-440	-506
365	-717	141
144	-972	194
48	-1170	112
-100	-1232	221
-115	-1224	453
-131	-1131	576
-181	-1173	693
-240	-1179	750
-254	-1045	689
-267	-1192	523
-506	-1436	348
-1021	-1236	207
-1266	-1372	200
-706	-1285	90
-463	-1388	-6
-540	-1592	43
-556	-1607	-25
-423	-1360	-52
-368	-1234	-56
-473	-1210	-90
-526	-1277	-154
-470	-1289	-150
-310	-1294	-199
-292	-1251	-283
-271	-1166	-315
-99	-1060	-287
-1	-783	-315
130	-525	-149
-15	-718	253
-113	-965	337
-69	-1133	189
-126	-1397	111
-244	-1703	269
-437	-1909	421
-686	-1743	636
-815	-1263	954
-420	-1157	908
-83	-1282	718
-218	-1319	619
-474	-1592	422
-597	-1518	284
-564	-1729	216
-556	-1824	66
-491	-1571	-124
-394	-1282	-210
-388	-1263	-233
-370	-1243	-282
-298	-1214	-293
-276	-1249	-269
-265	-1283	-316
-222	-1295	-388
-120	-1259	-336
36	-1213	-262
248	-637	-208
59	-586	71
-218	-868	298
-144	-1043	210
-166	-1293	113
-323	-1719	339
-410	-2002	629
-727	-1975	628
-558	-1599	882
-220	-1277	1089
-65	-1304	807
-294	-1133	601
-621	-1491	446
-819	-1547	194
-691	-1815	91
-535	-1927	29
-421	-1660	-94
-332	-1369	-117
-370	-1288	-123
-414	-1312	-167
-352	-1423	-192
-259	-1522	-151
-163	-1459	-177
96	-1083	-194
327	-707	-188
219	-607	-154
180	-548	-134
-97	-869	-127
-353	-1425	-32
-482	-1933	11
-720	-2223	249
-731	-1731	196
-446	-1471	-118
-534	-1678	307
-423	-1635	785
-593	-1322	968
-703	-1035	784
-896	-1344	617
-753	-1622	238
-389	-1771	63
-209	-1996	136
-402	-1797	163
-486	-1519	-12
-454	-1400	-133
-512	-1357	-221
-436	-1407	-261
-281	-1463	-236
-145	-1304	-244
-75	-1097	-245
27	-875	-255
61	-871	-226
101	-647	-299
-61	-714	-296
-289	-1084	-118
-370	-1376	-43
-383	-1649	-10
-522	-1838	153
-321	-1819	275
-1059	-1856	-247
-778	-1814	544
-609	-1361	967
-426	-1366	854
-420	-1123	744
-638	-1389	609
-651	-1327	386
-476	-1556	318
-368	-1839	355
-393	-1858	211
-419	-1656	0
-401	-1471	-103
-402	-1380	-141
-340	-1326	-174
-255	-1287	-160
-193	-1299	-183
-117	-1216	-227
132	-856	-217
275	-756	-216
174	-713	-230
-61	-819	-226
-322	-1183	-119
-511	-1627	-22
-592	-1930	20
-656	-1923	55
-624	-1696	-64
-703	-1634	-33
-617	-1563	214
-627	-1443	763
-762	-1311	858
-788	-1040	612
-857	-1341	537
-719	-1437	280
-465	-1765	113
-319	-1938	201
-403	-1964	187
-429	-1724	-18
-402	-1513	-129
-401	-1372	-179
-317	-1332	-235
-227	-1311	-232
-161	-1254	-295
-8	-1012	-345
302	-715	-339
296	-828	-359
45	-805	-341
-280	-1164	-193
-444	-1571	79
-482	-1877	153
-660	-1963	191
-488	-1770	170
-210	-1745	-33
-418	-1865	300
-627	-1669	604
-808	-1472	586
-969	-1073	426
-963	-859	390
-924	-1197	365
-752	-1379	178
-571	-1956	26
-353	-1964	42
-351	-1928	40
-467	-1788	-76
-471	-1684	-180
-442	-1552	-199
-361	-1492	-173
-256	-1429	-148
-137	-1344	-135
116	-979	-98
248	-610	-92
191	-744	-94
169	-588	-117
-219	-934	-43
-350	-1375	60
-404	-1842	20
-472	-2043	-77
-542	-1953	-149
-750	-1634	-183
-837	-1505	-101
-523	-1646	22
-827	-1562	271
-1021	-1271	278
-975	-991	322
-945	-1212	409
-667	-1179	294
-503	-1516	164
-458	-1603	93
-423	-1614	79
-396	-1503	72
-349	-1418	-2
-344	-1441	-113
-374	-1501	-163
-344	-1601	-151
-289	-1674	-120
-180	-1554	-144
72	-1138	-223
105	-816	-152
42	-518	-145
-99	-469	-103
-186	-677	-43
-234	-941	-49
-353	-1328	-70
-527	-1682	15
-620	-1758	-4
-639	-1758	-241
-776	-1944	-101
-995	-1577	354
-946	-1394	507
-936	-1114	476
-806	-1084	538
-736	-1247	394
-629	-1434	233
-506	-1716	187
-344	-1755	183
-321	-1631	139
-363	-1458	16
-388	-1398	-92
-390	-1412	-165
-334	-1477	-190
-248	-1428	-177
-151	-1235	-239
2	-956	-247
109	-793	-188
98	-793	-247
43	-701	-271
-188	-1082	-125
-375	-1449	-18
-461	-1669	-64
-497	-1747	-11
-543	-1714	14
-656	-1715	10
-859	-1799	247
-778	-1675	522
-801	-1438	669
-837	-1134	521
-795	-1083	528
-784	-1178	373
-699	-1422	167
-580	-1835	93
-403	-1876	72
-349	-1803	30
-380	-1642	-66
-399	-1533	-139
-410	-1495	-196
-331	-1486	-201
-263	-1445	-158
-200	-1293	-170
90	-1002	-186
286	-680	-199
321	-666	-211
148	-639	-152
-126	-1104	-80
-310	-1534	-36
-439	-1869	-54
-495	-2032	24
-573	-1973	-63
-700	-1868	-139
-895	-1792	215
-670	-1671	489
-760	-1432	629
-762	-1211	520
-787	-1001	517
-817	-1159	437
-686	-1213	247
-581	-1621	135
-494	-1769	104
-439	-1794	62
-378	-1641	-33
-386	-1547	-138
-432	-1522	-195
-403	-1575	-216
-305	-1496	-209
-262	-1288	-194
-188	-1083	-192
-80	-842	-172
-36	-814	-146
-8	-658	-144
-176	-696	-54
-274	-924	32
-286	-1090	-4
-323	-1281	-16
-343	-1480	53
-424	-1702	-45
-574	-2002	-150
-1054	-2145	53
-1144	-1555	82
-802	-1484	414
-741	-1153	546
-675	-1083	613
-667	-1077	421
-689	-1207	164
-600	-1539	74
-390	-1614	94
-273	-1643	119
-268	-1497	24
-333	-1454	-114
-398	-1493	-185
-402	-1536	-202
-303	-1523	-194
-169	-1421	-240
196	-1059	-277
624	-915	-364
584	-848	-508
-211	-997	-116
-300	-1406	54
-125	-1673	-143
-445	-1963	-201
-636	-2016	75
-519	-1616	-110
-698	-1565	-167
-697	-1593	157
-659	-1502	292
-926	-1334	388
-983	-1092	365
-1083	-1108	481
-849	-1292	346
-501	-1475	229
-182	-1775	186
-152	-1790	138
-343	-1763	40
-451	-1622	-77
-426	-1541	-169
-365	-1467	-248
-307	-1446	-274
-264	-1352	-273
-230	-1198	-292
-150	-1043	-291
131	-1098	-282
392	-791	-359
11	-661	-208
-211	-1058	20
-107	-1261	-16
-224	-1560	-129
-331	-1772	-15
-457	-1932	11
-532	-1922	-79
-883	-1896	69
-948	-1614	219
-859	-1584	550
-738	-1317	584
-589	-1040	564
-577	-1051	551
-634	-1044	291
-714	-1566	110
-581	-1873	47
-322	-1831	55
-186	-1599	29
-269	-1463	-103
-366	-1475	-203
-401	-1519	-238
-358	-1591	-215
-289	-1443	-179
-196	-1232	-165
4	-988	-156
76	-943	-146
130	-702	-202
9	-743	-157
-127	-875	-58
-257	-1038	-51
-322	-1258	-115
-452	-1551	-124
-592	-1896	-176
-759	-2147	-152
-1171	-2036	84
-1282	-1525	146
-779	-1554	455
-697	-1210	571
-795	-1180	617
-862	-1087	379
-914	-1544	105
-621	-1823	-12
-191	-1825	58
-98	-1604	88
-210	-1473	-34
-393	-1432	-153
-440	-1508	-210
-386	-1572	-206
-280	-1530	-196
-182	-1264	-242
48	-981	-246
206	-823	-235
96	-643	-253
-81	-599	-203
-255	-852	-101
-271	-1040	-86
-354	-1314	-100
-513	-1638	41
-659	-1848	28
-658	-1938	-191
-947	-1993	-60
-864	-1679	207
-713	-1545	758
-780	-1231	842
-810	-1120	726
-799	-1172	441
-740	-1422	191
-537	-1724	89
-258	-1907	177
-240	-1749	152
-218	-1553	-48
-345	-1430	-212
-505	-1423	-256
-537	-1540	-275
-385	-1528	-261
-265	-1263	-270
-59	-1013	-282
188	-750	-217
246	-564	-250
134	-481	-246
-95	-976	-112
-256	-1336	37
-377	-1636	-9
-460	-1801	50
-549	-1875	13
-563	-1873	-172
-839	-2029	35
-1103	-1728	436
-1150	-1433	480
-1191	-1255	395
-951	-1069	483
-656	-1189	436
-524	-1104	296
-610	-1510	202
-633	-1824	115
-522	-1888	35
-355	-1743	-20
-347	-1613	-100
-402	-1512	-172
-380	-1410	-205
-310	-1344	-203
-247	-1213	-203
-190	-1063	-216
21	-851	-176
188	-706	-148
185	-677	-197
4	-778	-100
-217	-1182	5
-270	-1428	-11
-351	-1603	-95
-414	-1746	-43
-765	-1922	-23
-1184	-1820	230
-824	-1671	471
-665	-1524	744
-655	-1224	740
-638	-1170	689
-585	-1120	452
-543	-1380	245
-539	-1746	162
-452	-1754	181
-385	-1680	84
-339	-1506	-69
-383	-1403	-150
-366	-1351	-192
-291	-1414	-186
-249	-1462	-173
-262	-1360	-237
-14	-988	-229
164	-771	-225
128	-662	-246
-19	-601	-142
-185	-931	-52
-295	-1152	-29
-340	-1305	-66
-396	-1448	15
-518	-1593	44
-557	-1667	46
-703	-1943	187
-777	-1804	358
-781	-1617	590
-700	-1327	724
-665	-1219	629
-642	-1183	381
-607	-1207	203
-550	-1446	140
-435	-1447	138
-382	-1411	125
-349	-1301	13
-343	-1277	-111
-352	-1302	-174
-317	-1372	-185
-272	-1406	-159
-258	-1344	-182
-99	-1191	-226
212	-888	-188
438	-855	-294
140	-768	-321
-196	-1280	-249
-185	-1498	-100
-317	-1464	-84
-358	-1374	-20
-433	-1377	13
-470	-1439	-22
-629	-1603	74
-819	-1662	259
-942	-1614	436
-884	-1415	569
-696	-1133	622
-632	-1218	505
-558	-1166	287
-488	-1538	158
-398	-1710	118
-351	-1710	117
-349	-1549	5
-347	-1365	-104
-377	-1282	-173
-380	-1308	-198
-324	-1436	-215
-282	-1430	-225
-197	-1255	-265
88	-979	-224
421	-785	-239
346	-664	-327
-19	-1074	-227
-138	-1398	-101
-346	-1575	-92
-424	-1634	-76
-493	-1710	38
-525	-1669	-43
-673	-1741	77
-843	-1743	380
-839	-1712	640
-775	-1429	665
-745	-1096	630
-742	-1205	513
-631	-1138	305
-588	-1511	180
-533	-1724	75
-443	-1686	-2
-397	-1586	-75
-348	-1484	-166
-366	-1408	-192
-356	-1403	-182
-341	-1461	-185
-302	-1340	-210
-250	-1261	-275
4	-1032	-247
562	-769	-254
473	-587	-203
-66	-1193	20
-156	-1417	-82
-262	-1661	-202
-404	-1778	-56
-583	-1791	62
-601	-1628	-134
-749	-1723	-134
-743	-1670	71
-733	-1573	489
-816	-1481	602
-862	-1115	451
-827	-1048	490
-678	-1018	293
-613	-1438	129
-441	-1704	94
-294	-1770	117
-270	-1704	48
-290	-1544	-82
-364	-1418	-166
-393	-1391	-195
-356	-1441	-206
-307	-1439	-222
-238	-1299	-299
31	-1020	-305
340	-805	-270
207	-742	-300
62	-964	-180
-138	-1251	-88
-305	-1384	-63
-336	-1527	-74
-488	-1686	38
-595	-1662	-36
-699	-1783	-40
-958	-1922	169
-1010	-1689	359
-917	-1459	470
-800	-1154	500
-758	-1245	402
-685	-1089	249
-581	-1362	134
-474	-1490	58
-406	-1547	86
-352	-1475	29
-347	-1391	-98
-374	-1361	-146
-367	-1364	-162
-321	-1410	-173
-309	-1448	-192
-236	-1363	-298
140	-1091	-291
640	-860	-461
285	-743	-353
-61	-1204	-179
-104	-1405	-185
-318	-1542	-194
-451	-1615	7
-559	-1556	97
-526	-1490	14
-629	-1748	129
-687	-1817	243
-747	-1634	358
-803	-1302	409
-806	-1008	478
-831	-1018	457
-775	-1068	246
-735	-1522	65
-502	-1653	-25
-269	-1559	18
-233	-1430	37
-360	-1404	-76
-458	-1450	-185
-467	-1545	-236
-427	-1705	-278
-356	-1675	-363
93	-1321	-374
840	-868	-500
575	-768	-529
185	-969	-320
-73	-1519	-285
-157	-1583	-234
-407	-1672	-104
-528	-1697	123
-512	-1584	54
-563	-1677	68
-773	-1758	424
-744	-1655	707
-703	-1487	771
-671	-1158	620
-660	-1129	530
-637	-1107	361
-596	-1356	153
-585	-1878	58
-487	-1850	6
-376	-1726	-19
-396	-1568	-114
-467	-1529	-203
-465	-1494	-240
-339	-1461	-217
-280	-1402	-175
-128	-1392	-210
223	-988	-273
562	-627	-303
367	-679	-257
48	-956	-208
-146	-1429	-209
-350	-1779	-183
-511	-1995	-78
-586	-1986	67
-612	-1770	-81
-686	-1820	-24
-693	-1848	255
-693	-1723	636
-788	-1463	741
-865	-1075	653
-846	-1152	556
-617	-1057	335
-475	-1409	133
-411	-1722	111
-393	-1739	184
-417	-1696	88
-427	-1626	-113
-510	-1557	-219
-473	-1528	-241
-334	-1495	-212
-310	-1412	-214
-171	-1316	-280
182	-939	-257
552	-688	-327
377	-660	-331
-52	-1135	-234
-114	-1475	-170
-350	-1743	-140
-400	-1833	-52
-492	-1938	21
-598	-1827	-9
-793	-1776	237
-744	-1698	448
-689	-1610	703
-675	-1319	656
-813	-1102	580
-801	-1160	376
-620	-1202	223
-523	-1612	115
-489	-1725	91
-502	-1730	90
-476	-1627	-22
-488	-1552	-133
-481	-1491	-198
-350	-1425	-185
-284	-1379	-161
-251	-1292	-182
-40	-1043	-195
188	-733	-211
284	-814	-274
101	-855	-277
-155	-1263	-212
-296	-1471	-101
-375	-1539	-81
-434	-1579	-29
-452	-1668	-34
-536	-1718	-130
-785	-1873	-53
-876	-1680	81
-806	-1581	330
-892	-1372	361
-901	-1068	399
-888	-1107	372
-727	-1088	208
-594	-1521	100
-408	-1664	81
-335	-1716	123
-344	-1592	38
-381	-1501	-100
-405	-1442	-187
-370	-1402	-224
-277	-1413	-222
-252	-1285	-237
-177	-1130	-283
114	-904	-246
369	-894	-320
161	-870	-329
-196	-1188	-115
-200	-1361	-12
-324	-1423	-87
-397	-1405	-104
-339	-1484	-67
-253	-1624	68
-763	-1746	69
-1011	-1770	355
-826	-1592	232
-879	-1396	310
-740	-1114	388
-717	-1146	435
-694	-1025	259
-674	-1338	83
-595	-1494	-17
-503	-1594	-23
-411	-1544	-26
-382	-1477	-107
-389	-1425	-178
-384	-1375	-197
-345	-1384	-178
-306	-1347	-169
-249	-1319	-199
56	-1043	-192
316	-833	-233
240	-851	-276
-77	-994	-167
-192	-1277	-40
-223	-1386	-39
-349	-1469	-87
-425	-1514	74
-489	-1497	8
-557	-1578	-51
-787	-1657	105
-723	-1476	253
-710	-1444	483
-800	-1243	419
-809	-1070	397
-752	-1257	255
-618	-1239	171
-519	-1544	155
-468	-1627	144
-404	-1669	60
-345	-1489	-55
-286	-1340	-98
-303	-1264	-98
-274	-1205	-132
-246	-1171	-173
-246	-1218	-209
-239	-1270	-288
-23	-1025	-315
279	-881	-330
73	-800	-248
-228	-995	-102
-315	-1222	-10
-236	-1370	-80
-352	-1521	-61
-416	-1624	10
-497	-1647	-19
-624	-1781	151
-860	-1702	325
-933	-1611	433
-930	-1352	520
-734	-1075	526
-614	-1147	443
-595	-1037	231
-650	-1449	88
-613	-1698	32
-515	-1723	43
-387	-1601	2
-357	-1463	-102
-375	-1417	-182
-362	-1477	-208
-276	-1488	-181
-216	-1407	-187
-77	-1272	-241
181	-900	-247
381	-860	-295
283	-829	-360
-21	-1061	-293
-132	-1368	-147
-345	-1551	-49
-410	-1614	-26
-454	-1665	55
-502	-1691	-56
-620	-1824	-54
-821	-1765	200
-823	-1551	510
-824	-1406	600
-766	-1207	509
-707	-1184	517
-627	-1069	402
-568	-1317	243
-497	-1627	158
-433	-1734	88
-386	-1714	31
-372	-1559	-68
-388	-1460	-154
-420	-1441	-206
-359	-1439	-201
-291	-1281	-178
-260	-1118	-180
-143	-940	-194
-67	-846	-165
-2	-841	-186
-4	-740	-180
-242	-882	-58
-276	-1030	30
-298	-1155	0
-304	-1361	-5
-405	-1714	-21
-568	-2087	-110
-879	-2274	5
-1312	-1694	136
-829	-1558	428
-776	-1251	572
-768	-1200	607
-724	-1239	370
-620	-1164	192
-483	-1405	128
-312	-1473	158
-325	-1502	163
-364	-1488	36
-390	-1496	-112
-374	-1479	-190
-329	-1464	-205
-251	-1420	-177
-241	-1252	-171
-136	-1065	-175
102	-795	-120
163	-851	-205
116	-781	-232
-147	-1134	-124
-265	-1301	1
-321	-1338	-22
-324	-1329	-13
-384	-1465	-9
-446	-1686	-124
-649	-1947	-35
-953	-1774	250
-1033	-1550	437
-897	-1320	530
-641	-1091	625
-552	-1199	541
-619	-1136	248
-630	-1507	101
-475	-1655	105
-322	-1676	138
-288	-1557	47
-308	-1471	-101
-383	-1477	-198
-387	-1521	-216
-294	-1503	-175
-258	-1416	-166
-168	-1290	-238
126	-954	-224
327	-706	-251
174	-567	-243
-5	-758	-178
-208	-1117	-98
-378	-1422	-63
-467	-1655	-24
-520	-1774	70
-543	-1719	-24
-635	-1773	19
-745	-1683	327
-650	-1567	641
-740	-1434	741
-759	-1151	533
-667	-1136	466
-605	-1119	325
-560	-1272	163
-586	-1679	102
-532	-1614	70
-433	-1624	11
-410	-1541	-99
-399	-1486	-172
-383	-1448	-178
-318	-1420	-147
-265	-1285	-132
-203	-1164	-169
33	-938	-187
252	-739	-204
175	-828	-251
9	-818	-247
-225	-1162	-124
-336	-1366	3
-402	-1512	-77
-431	-1548	-39
-501	-1652	40
-567	-1705	35
-738	-1781	220
-847	-1608	492
-719	-1497	637
-564	-1268	539
-553	-1043	454
-646	-1147	348
-697	-1114	181
-722	-1585	86
-593	-1606	84
-445	-1632	57
-399	-1567	-11
-425	-1506	-104
-439	-1436	-140
-339	-1386	-127
-260	-1317	-101
-176	-1243	-118
14	-1013	-149
250	-652	-229
284	-798	-260
43	-836	-267
-159	-1221	-228
-275	-1583	-140
-438	-1771	-94
-502	-1777	-12
-541	-1662	15
-596	-1509	0
-674	-1554	177
-683	-1610	459
-733	-1519	618
-783	-1284	522
-815	-1019	462
-751	-1224	373
-607	-1173	203
-571	-1616	75
-525	-1702	45
-478	-1677	28
-433	-1594	-54
-427	-1485	-156
-438	-1398	-194
-366	-1304	-203
-279	-1254	-202
-272	-1265	-201
-103	-1190	-182
272	-846	-193
500	-790	-226
224	-844	-171
-112	-1233	-108
-247	-1576	-94
-330	-1749	-146
-443	-1803	-100
-543	-1774	-59
-605	-1634	-155
-743	-1691	-40
-828	-1672	304
-875	-1542	637
-823	-1303	665
-698	-1064	619
-584	-1245	423
-412	-1113	211
-389	-1430	145
-534	-1676	194
-618	-1708	116
-513	-1670	-45
-516	-1531	-211
-511	-1409	-281
-373	-1300	-258
-292	-1223	-220
-256	-1193	-172
-138	-1167	-187
113	-873	-249
191	-798	-291
131	-822	-296
-135	-1014	-249
-265	-1318	-154
-371	-1501	-86
-432	-1525	-91
-481	-1555	-25
-519	-1584	-71
-600	-1696	-90
-770	-1716	154
-850	-1588	424
-851	-1506	476
-782	-1204	418
-717	-1194	462
-628	-1064	375
-553	-1239	254
-498	-1439	172
-423	-1610	122
-363	-1670	70
-333	-1561	-18
-341	-1458	-102
-345	-1391	-164
-326	-1413	-195
-276	-1386	-199
-206	-1258	-232
22	-952	-221
132	-827	-211
226	-815	-291
123	-808	-269
-168	-1221	-146
-316	-1399	-5
-329	-1428	-41
-345	-1467	42
-377	-1563	71
-455	-1736	22
-663	-1938	229
-922	-1786	636
-935	-1520	697
-792	-1219	630
-551	-1159	580
-504	-1131	360
-520	-1249	156
-558	-1633	117
-533	-1630	126
-487	-1639	80
-417	-1552	-96
-444	-1471	-209
-430	-1397	-230
-318	-1372	-193
-246	-1282	-169
-163	-1213	-174
57	-968	-92
276	-814	-168
322	-882	-303
-13	-965	-242
-271	-1362	-7
-243	-1461	26
-251	-1563	-65
-323	-1679	-53
-465	-1744	-124
-685	-1787	-73
-938	-1637	141
-774	-1481	242
-789	-1409	372
-803	-1134	302
-797	-1044	340
-804	-1138	261
-732	-1289	93
-681	-1597	53
-576	-1647	45
-470	-1696	-8
-437	-1603	-90
-426	-1534	-128
-406	-1461	-157
-367	-1428	-172
-345	-1356	-164
-305	-1337	-197
-114	-1165	-213
116	-909	-196
200	-855	-284
106	-699	-237
-82	-941	-152
-223	-1081	-100
-398	-1276	-146
-549	-1447	-74
-729	-1570	-20
-659	-1538	-164
-749	-1826	-11
-993	-1821	369
-1051	-1610	491
-1014	-1384	533
-865	-1188	618
-646	-1258	451
-476	-1108	290
-460	-1318	204
-515	-1485	191
-487	-1571	149
-391	-1454	-1
-341	-1363	-117
-375	-1316	-174
-356	-1299	-190
-306	-1312	-180
-284	-1268	-177
-239	-1167	-207
-6	-935	-188
204	-787	-203
174	-632	-216
-59	-941	-113
-228	-1291	-27
-335	-1446	-25
-360	-1435	4
-385	-1497	56
-413	-1545	-1
-542	-1846	90
-856	-1925	417
-912	-1680	608
-901	-1324	635
-683	-1085	611
-604	-1282	428
-576	-1146	179
-527	-1414	112
-504	-1580	140
-506	-1674	103
-443	-1604	-53
-405	-1522	-174
-378	-1465	-206
-327	-1408	-205
-276	-1362	-182
-249	-1253	-158
-14	-1093	-129
209	-719	-153
251	-693	-133
180	-790	-102
-114	-1024	-13
-299	-1393	61
-278	-1539	-21
-310	-1573	-74
-372	-1657	-73
-510	-1670	-155
-707	-1696	-65
-914	-1566	151
-949	-1449	366
-935	-1336	499
-781	-1173	485
-678	-1220	480
-566	-1119	333
-518	-1265	170
-561	-1585	118
-571	-1695	92
-527	-1681	31
-420	-1565	-88
-437	-1485	-171
-449	-1416	-196
-323	-1346	-182
-235	-1211	-151
-167	-1090	-141
-68	-929	-150
-3	-740	-147
38	-813	-135
13	-740	-149
-149	-979	-53
-285	-1320	0
-370	-1586	-24
-399	-1680	40
-477	-1690	89
-557	-1517	75
-863	-1700	354
-1016	-1661	444
-719	-1406	518
-589	-1293	511
-742	-1165	349
-803	-1323	151
-590	-1146	99
-541	-1358	136
-620	-1487	74
-619	-1545	-21
-509	-1466	-122
-389	-1371	-165
-324	-1260	-133
-277	-1130	-109
-259	-1099	-120
-281	-1134	-131
-182	-1140	-151
42	-995	-189
62	-1054	-195
55	-952	-206
-152	-1051	-92
-280	-1174	47
-290	-1195	-41
-336	-1227	-152
-448	-1428	-201
-683	-1564	-197
-964	-1614	54
-1155	-1424	357
-1107	-1196	378
-940	-1191	427
-661	-1114	473
-683	-1219	535
-712	-1020	358
-642	-1511	235
-451	-1736	217
-329	-1667	195
-375	-1465	156
-445	-1388	58
-440	-1350	-32
-324	-1276	-58
-243	-1171	-57
-224	-1058	-61
-153	-926	-100
22	-700	-117
51	-651	-187
-44	-745	-188
-239	-883	-89
-313	-1256	23
-339	-1574	-28
-433	-1602	-55
-413	-1503	63
-456	-1356	15
-480	-1435	30
-582	-1599	183
-656	-1630	316
-824	-1522	455
-863	-1213	427
-812	-1077	498
-651	-1118	387
-539	-1215	200
-505	-1431	132
-474	-1483	104
-424	-1490	85
-361	-1404	8
-379	-1382	-96
-382	-1369	-170
-354	-1372	-203
-288	-1306	-225
-275	-1260	-278
-107	-1078	-246
51	-952	-208
163	-1056	-258
96	-997	-156
-83	-1188	-6
-208	-1173	49
-175	-1119	38
-171	-1209	109
-215	-1405	146
-755	-1657	-46
-747	-1822	38
-957	-1730	280
-939	-1491	318
-867	-1185	398
-730	-1242	511
-574	-1017	371
-602	-1245	171
-605	-1347	65
-487	-1384	96
-400	-1297	131
-356	-1235	33
-396	-1240	-92
-416	-1288	-172
-410	-1430	-169
-392	-1531	-171
-300	-1435	-261
-156	-1159	-274
152	-1101	-246
256	-681	-298
67	-857	-148
-68	-1173	-51
-216	-1213	-54
-307	-1196	-8
-371	-1245	98
-378	-1298	20
-428	-1549	-60
-726	-1756	277
-948	-1593	505
-904	-1398	471
-626	-1146	537
-476	-1350	479
-517	-1156	253
-569	-1390	119
-585	-1458	118
-489	-1444	61
-402	-1328	-50
-377	-1237	-89
-373	-1236	-103
-326	-1259	-157
-301	-1375	-163
-258	-1443	-185
6	-1197	-254
251	-782	-369
299	-991	-430
58	-974	-273
-203	-1311	-125
-238	-1436	-89
-360	-1417	-144
-429	-1387	-18
-481	-1356	23
-477	-1379	-66
-666	-1630	41
-831	-1700	246
-987	-1459	534
-970	-1189	593
-819	-1107	606
-624	-1212	365
-536	-1273	149
-508	-1690	105
-466	-1910	113
-416	-1757	-7
-297	-1545	-108
-333	-1354	-144
-460	-1323	-158
-339	-1297	-185
-186	-1232	-181
-93	-1126	-183
-15	-884	-158
23	-653	-135
16	-741	-161
-46	-723	-159
-267	-1065	-53
-347	-1374	5
-434	-1551	-30
-428	-1578	35
-436	-1599	3
-437	-1794	-110
-606	-1922	118
-761	-1638	442
-748	-1306	582
-750	-1205	593
-622	-1101	637
-494	-1115	591
-461	-1104	432
-534	-1519	312
-572	-1780	125
-464	-1758	-35
-324	-1542	-88
-285	-1492	-91
-310	-1505	-163
-312	-1464	-210
-267	-1315	-193
-182	-1214	-172
-10	-1041	-175
160	-721	-203
174	-796	-230
134	-801	-204
-156	-1167	-148
-307	-1408	-39
-333	-1496	-68
-382	-1557	10
-427	-1604	78
-456	-1632	37
-578	-1843	93
-795	-1785	430
-801	-1428	569
-738	-1214	640
-638	-1025	690
-673	-1123	604
-626	-1121	361
-560	-1517	246
-461	-1734	122
-397	-1757	-5
-350	-1620	-81
-330	-1529	-139
-322	-1472	-176
-319	-1479	-182
-315	-1465	-189
-297	-1380	-221
-36	-1152	-220
356	-771	-234
530	-790	-321
190	-868	-297
-259	-1288	-194
-231	-1300	-109
-286	-1429	-104
-428	-1570	-86
-555	-1715	-38
-625	-1866	-54
-869	-1992	227
-957	-1718	678
-722	-1492	966
-368	-1240	796
-351	-1200	632
-460	-1210	449
-503	-1085	247
-552	-1522	185
-567	-1662	138
-533	-1656	23
-439	-1527	-81
-471	-1478	-173
-471	-1500	-225
-346	-1445	-191
-165	-1313	-146
31	-1186	-169
189	-973	-294
436	-776	-325
273	-924	-315
-37	-1058	-271
-185	-1375	-196
-342	-1580	-68
-440	-1651	-20
-472	-1637	90
-432	-1611	116
-528	-1600	95
-717	-1778	458
-764	-1627	656
-690	-1369	682
-620	-1078	556
-655	-1192	463
-632	-1144	277
-571	-1332	134
-566	-1671	81
-542	-1642	26
-435	-1545	-31
-409	-1443	-121
-442	-1416	-182
-413	-1402	-209
-331	-1399	-186
-289	-1346	-155
-197	-1309	-169
77	-1020	-187
224	-809	-189
228	-809	-202
64	-875	-163
-184	-1199	-76
-322	-1372	17
-300	-1438	14
-343	-1469	80
-414	-1519	16
-500	-1802	15
-948	-2053	306
-1070	-1575	442
-760	-1365	598
-694	-1135	502
-835	-1334	314
-741	-1155	223
-564	-1318	142
-447	-1500	116
-434	-1499	84
-429	-1468	4
-391	-1398	-105
-372	-1363	-174
-338	-1312	-180
-271	-1301	-166
-264	-1268	-149
-183	-1212	-171
109	-908	-165
314	-724	-184
264	-829	-199
-67	-1124	-123
-234	-1495	-68
-283	-1530	-63
-363	-1449	-71
-422	-1393	3
-458	-1420	-74
-534	-1599	-95
-798	-1667	199
-1009	-1545	560
-952	-1381	612
-700	-1157	633
-514	-1408	477
-458	-1213	248
-419	-1429	152
-481	-1581	194
-526	-1512	180
-420	-1486	14
-396	-1376	-143
-418	-1335	-210
-361	-1317	-212
-282	-1276	-184
-270	-1226	-172
-254	-1186	-189
-90	-987	-189
124	-777	-187
179	-693	-203
22	-795	-149
-167	-1210	-77
-287	-1384	-28
-337	-1373	-36
-383	-1370	62
-422	-1429	71
-452	-1614	2
-645	-1879	177
-871	-1757	474
-856	-1480	520
-708	-1240	520
-638	-1275	466
-630	-1192	323
-546	-1164	207
-508	-1411	152
-482	-1469	135
-466	-1530	71
-406	-1462	-26
-392	-1377	-91
-386	-1322	-128
-319	-1279	-145
-268	-1263	-137
-261	-1321	-169
-116	-1190	-262
115	-885	-252
242	-855	-269
67	-864	-185
-72	-1102	-100
-178	-1290	-90
-314	-1399	-108
-411	-1497	-5
-470	-1563	70
-498	-1611	-55
-697	-1804	33
-871	-1671	234
-725	-1448	395
-672	-1286	434
-720	-1074	404
-748	-1238	343
-651	-1150	241
-566	-1507	151
-467	-1618	145
-349	-1719	124
-297	-1621	21
-285	-1476	-66
-297	-1358	-80
-281	-1314	-107
-263	-1263	-143
-236	-1196	-185
-196	-1120	-268
-141	-912	-289
-74	-970	-294
-16	-834	-328
-126	-872	-262
-230	-1038	-82
-343	-1110	-3
-355	-1129	-4
-382	-1235	84
-381	-1380	68
-366	-1658	-47
-643	-2002	122
-992	-1851	531
-965	-1531	568
-696	-1300	639
-540	-1309	628
-500	-1088	405
-529	-1288	206
-530	-1472	156
-442	-1523	184
-387	-1463	128
-361	-1355	-23
-418	-1313	-117
-424	-1307	-168
-341	-1364	-173
-305	-1396	-165
-235	-1330	-254
-9	-1057	-285
374	-882	-285
339	-702	-320
-10	-943	-203
-78	-1312	-116
-284	-1442	-71
-381	-1411	-18
-391	-1403	126
-388	-1381	99
-459	-1654	139
-715	-1927	420
-825	-1630	643
-746	-1386	700
-683	-1171	591
-723	-1344	419
-672	-1127	233
-607	-1367	166
-565	-1550	152
-563	-1610	65
-485	-1586	-54
-433	-1503	-120
-396	-1453	-134
-336	-1373	-157
-248	-1329	-164
-222	-1242	-163
-111	-1116	-158
57	-914	-171
185	-698	-181
238	-729	-245
-18	-721	-228
-289	-1200	-44
-413	-1679	64
-497	-1868	2
-460	-1739	53
-419	-1487	-75
-447	-1509	-100
-548	-1654	217
-632	-1484	523
-731	-1366	626
-809	-1236	491
-761	-1065	482
-613	-1203	472
-486	-1255	302
-454	-1665	177
-436	-1756	124
-390	-1746	53
-356	-1589	-32
-359	-1453	-118
-389	-1395	-167
-333	-1347	-191
-252	-1295	-184
-216	-1184	-206
-98	-1069	-235
133	-778	-228
230	-690	-196
148	-788	-204
-49	-1011	-135
-290	-1345	-6
-323	-1542	22
-420	-1627	-68
-435	-1714	-23
-506	-1691	-92
-775	-1724	112
-966	-1598	563
-749	-1445	794
-593	-1243	775
-608	-1074	530
-695	-1325	396
-693	-1285	209
-570	-1549	155
-490	-1715	169
-496	-1658	58
-470	-1580	-105
-438	-1422	-188
-395	-1361	-199
-299	-1376	-172
-242	-1355	-152
-216	-1245	-150
-179	-1115	-190
53	-898	-178
240	-572	-182
166	-595	-145
40	-801	-171
-175	-1080	-202
-356	-1421	-50
-526	-1718	25
-610	-1742	20
-581	-1651	-54
-519	-1784	-49
-658	-1726	519
-671	-1374	1188
-377	-1165	1244
-277	-1135	887
-457	-1165	602
-509	-1457	343
-452	-1556	177
-477	-1897	261
-649	-1811	85
-570	-1735	-210
-512	-1421	-315
-461	-1311	-275
-326	-1337	-272
-233	-1395	-257
-212	-1333	-278
-198	-1079	-273
-168	-932	-250
-146	-799	-228
-101	-775	-194
-18	-586	-174
-11	-423	-84
-280	-722	159
-301	-1049	301
-438	-1441	360
-624	-1690	674
-681	-1687	664
-587	-1674	679
-562	-1360	1011
-468	-1068	1051
-520	-1115	763
-762	-1212	352
-1004	-1220	90
-943	-1517	-1
-670	-1330	-51
-635	-1305	-117
-721	-1377	-200
-713	-1464	-346
-480	-1258	-376
-276	-1136	-263
-305	-1047	-189
-356	-1031	-198
-350	-1040	-227
-308	-1120	-220
-284	-1280	-253
-267	-1201	-183
-171	-1196	-43
97	-846	87
243	-616	246
-29	-837	366
-58	-1010	286
-149	-1215	139
-284	-1486	213
-426	-1625	398
-610	-1614	623
-744	-1464	725
-487	-1244	681
-153	-1148	579
-271	-1196	404
-481	-1091	216
-698	-1252	185
-847	-1090	146
-821	-1497	4
-693	-1621	-205
-451	-1512	-272
-259	-1222	-219
-257	-1148	-156
-325	-1168	-155
-338	-1207	-186
-312	-1239	-220
-292	-1271	-237
-310	-1379	-288
-168	-1334	-303
48	-1287	-381
151	-951	-345
210	-877	-82
-52	-1029	56
-209	-1179	115
-166	-1328	86
-188	-1644	98
-434	-1788	-104
-698	-1685	22
-1043	-1237	436
-741	-1111	463
-632	-1208	428
-499	-1198	283
-487	-1197	258
-536	-1250	290
-577	-1263	169
-610	-1565	58
-577	-1614	-66
-414	-1495	-176
-298	-1265	-203
-311	-1209	-193
-342	-1239	-214
-356	-1325	-242
-342	-1383	-285
-311	-1496	-378
-278	-1402	-430
95	-1173	-316
557	-885	-357
436	-722	-324
96	-1025	-174
-135	-1219	-103
-305	-1338	-71
-273	-1512	-20
-339	-1705	75
-442	-1807	110
-656	-1883	376
-750	-1597	663
-592	-1499	738
-459	-1291	647
-467	-1089	553
-497	-1136	429
-547	-1196	198
-578	-1640	77
-495	-1709	27
-376	-1618	-14
-353	-1475	-91
-419	-1421	-195
-448	-1386	-248
-374	-1365	-238
-295	-1342	-223
-211	-1158	-200
57	-850	-144
149	-755	-189
148	-974	-255
38	-1062	-223
-136	-1317	-97
-236	-1317	14
-314	-1225	-16
-365	-1201	3
-355	-1343	-20
-442	-1718	-10
-758	-1983	123
-898	-1888	698
-866	-1562	824
-716	-1340	725
-395	-1339	721
-399	-1133	518
-508	-1290	313
-561	-1500	234
-496	-1531	253
-393	-1484	167
-370	-1367	-30
-466	-1349	-162
-472	-1350	-229
-376	-1404	-215
-339	-1414	-195
-287	-1327	-241
-101	-1119	-302
348	-873	-322
504	-727	-377
157	-902	-288
-77	-1389	-203
-229	-1559	-112
-347	-1569	-62
-375	-1544	77
-285	-1582	69
-702	-1683	-145
-791	-1826	248
-841	-1622	439
-861	-1471	534
-763	-1247	510
-719	-1237	475
-662	-1192	289
-568	-1257	161
-502	-1476	133
-457	-1551	104
-419	-1569	26
-386	-1449	-110
-361	-1402	-182
-366	-1369	-208
-369	-1471	-214
-355	-1457	-227
-288	-1374	-285
-46	-1156	-276
351	-873	-194
558	-788	-324
184	-904	-276
-219	-1268	-133
-342	-1403	-25
-407	-1480	-64
-442	-1518	-2
-468	-1606	-62
-524	-1787	-71
-760	-1918	145
-911	-1669	426
-892	-1448	651
-765	-1201	634
-623	-1062	653
-533	-1079	480
-567	-1297	240
-536	-1736	73
-398	-1830	66
-311	-1692	112
-302	-1558	-49
-503	-1583	-221
-433	-1595	-263
-321	-1568	-238
-205	-1402	-188
-67	-1193	-156
39	-882	-162
178	-797	-142
468	-756	-236
241	-777	-227
-187	-1340	-63
-310	-1597	-35
-392	-1732	-104
-499	-1696	35
-473	-1604	-92
-561	-1800	-150
-948	-1861	334
-965	-1631	702
-754	-1458	784
-547	-1219	610
-636	-1272	481
-658	-1174	287
-551	-1275	189
-534	-1607	152
-538	-1571	105
-492	-1582	-1
-439	-1475	-143
-419	-1407	-203
-373	-1334	-202
-281	-1293	-177
-246	-1217	-165
-221	-1094	-178
-30	-936	-165
211	-695	-173
289	-929	-251
45	-1022	-243
-243	-1416	-106
-334	-1624	0
-355	-1631	-77
-380	-1575	-6
-421	-1516	-10
-530	-1520	68
-782	-1700	400
-855	-1548	740
-642	-1468	757
-549	-1289	580
-641	-1118	511
-754	-1165	371
-685	-1259	133
-589	-1691	33
-469	-1708	27
-413	-1678	-22
-404	-1536	-126
-425	-1468	-202
-425	-1408	-202
-331	-1443	-141
-269	-1404	-72
-198	-1348	-46
163	-1038	-80
436	-707	-152
290	-737	-224
-5	-727	-97
-249	-1049	-10
-321	-1359	-27
-425	-1686	-105
-630	-1827	79
-662	-1669	81
-497	-1616	-206
-585	-1726	96
-593	-1677	520
-712	-1468	616
-810	-1208	497
-813	-883	491
-758	-1105	432
-694	-1248	198
-602	-1692	97
-421	-1636	115
-330	-1627	126
-362	-1486	14
-448	-1420	-105
-450	-1373	-170
-340	-1337	-167
-274	-1317	-143
-226	-1287	-178
46	-1033	-211
335	-732	-220
288	-942	-280
34	-1017	-237
-187	-1335	-134
-302	-1432	-16
-381	-1442	-78
-426	-1363	-13
-410	-1408	-11
-427	-1562	-92
-638	-1822	26
-777	-1653	227
-763	-1454	382
-796	-1288	448
-839	-1063	523
-824	-1228	414
-635	-1230	219
-463	-1479	140
-353	-1539	157
-352	-1591	151
-360	-1499	41
-370	-1420	-90
-362	-1362	-161
-320	-1311	-193
-253	-1283	-178
-254	-1240	-170
-219	-1131	-211
-74	-945	-216
112	-918	-183
139	-838	-263
-82	-849	-240
-310	-1057	-21
-350	-1204	181
-285	-1363	148
-196	-1514	2
-354	-1712	130
-693	-1848	-20
-1063	-1770	107
-875	-1413	99
-835	-1346	329
-885	-1108	325
-887	-1132	315
-720	-1111	164
-609	-1372	-2
-466	-1519	-45
-387	-1519	10
-381	-1492	10
-377	-1400	-91
-340	-1369	-184
-324	-1334	-207
-275	-1364	-185
-245	-1319	-166
-232	-1240	-172
-48	-1062	-180
249	-1039	-157
492	-884	-330
-81	-883	-222
-366	-1248	42
-268	-1292	37
-257	-1326	-96
-334	-1354	-36
-423	-1441	-56
-457	-1625	-214
-722	-1793	-51
-988	-1593	196
-1007	-1504	331
-909	-1259	393
-847	-1191	472
-681	-1207	348
-500	-1099	196
-453	-1306	125
-420	-1387	110
-422	-1483	118
-406	-1466	29
-346	-1414	-91
-352	-1347	-158
-332	-1390	-163
-266	-1396	-143
-198	-1380	-180
97	-1079	-209
381	-748	-292
261	-899	-328
-43	-907	-214
-181	-1213	-120
-255	-1393	-46
-338	-1383	-96
-367	-1296	-37
-378	-1344	-40
-445	-1382	-85
-728	-1566	193
-1027	-1663	430
-1030	-1568	404
-865	-1268	438
-648	-1097	542
-554	-1170	407
-532	-1166	210
-548	-1550	61
-478	-1660	21
-413	-1599	24
-343	-1403	-57
-321	-1227	-137
-365	-1102	-158
-347	-1140	-166
-294	-1195	-148
-253	-1258	-153
-45	-1136	-188
235	-818	-206
270	-880	-256
97	-911	-166
-113	-1227	-52
-245	-1555	-30
-365	-1634	-100
-375	-1578	-28
-458	-1450	16
-538	-1308	-126
-656	-1336	-81
-757	-1347	97
-798	-1389	231
-887	-1279	229
-911	-1041	203
-951	-1193	262
-703	-1216	132
-595	-1478	52
-478	-1597	32
-408	-1605	-16
-373	-1485	-79
-347	-1288	-153
-351	-1187	-173
-297	-1206	-174
-269	-1308	-209
-258	-1354	-291
-189	-1228	-288
-112	-986	-252
10	-1049	-248
170	-844	-294
14	-796	-226
-201	-1069	-56
-281	-1207	8
-353	-1246	-51
-409	-1288	66
-407	-1389	71
-398	-1599	-124
-592	-1846	-11
-793	-1703	313
-882	-1509	505
-844	-1235	567
-778	-1165	625
-635	-1144	410
-542	-1268	209
-368	-1431	164
-258	-1481	213
-250	-1503	207
-281	-1377	64
-305	-1338	-73
-332	-1330	-149
-332	-1396	-153
-310	-1425	-160
-300	-1390	-229
-77	-1211	-270
533	-973	-261
545	-620	-411
-164	-917	-266
-211	-1198	-146
-153	-1397	-76
-336	-1418	-73
-470	-1472	34
-497	-1470	-52
-471	-1655	-158
-720	-1738	230
-792	-1548	532
-850	-1604	636
-768	-1334	568
-589	-1212	572
-514	-1142	454
-537	-1268	227
-524	-1537	113
-419	-1545	119
-365	-1534	81
-344	-1413	-52
-372	-1350	-161
-404	-1369	-194
-374	-1465	-193
-297	-1461	-195
-241	-1436	-265
-78	-1199	-258
94	-1009	-195
190	-819	-276
58	-670	-208
-209	-842	-77
-278	-977	-1
-278	-1098	-42
-324	-1283	-48
-523	-1667	62
-516	-1708	-74
-952	-2133	10
-1261	-1466	230
-976	-1410	298
-717	-1296	454
-613	-1362	515
-558	-1176	363
-542	-1234	204
-512	-1366	113
-453	-1482	79
-417	-1461	44
-366	-1353	-39
-342	-1341	-125
-363	-1343	-173
-333	-1378	-173
-254	-1312	-166
-261	-1364	-205
-150	-1194	-229
94	-1076	-178
354	-917	-338
121	-731	-235
-208	-1103	-18
-203	-1203	-23
-308	-1288	-114
-384	-1452	68
-431	-1625	97
-491	-1731	-30
-742	-1804	157
-946	-1523	500
-810	-1457	694
-761	-1245	614
-704	-1118	542
-656	-1211	395
-561	-1192	199
-498	-1661	61
-440	-1694	82
-457	-1681	68
-430	-1541	-74
-432	-1477	-175
-449	-1418	-198
-355	-1436	-180
-264	-1391	-136
-182	-1307	-154
92	-1048	-181
312	-667	-199
248	-682	-191
128	-761	-179
-127	-1099	-179
-341	-1455	-55
-410	-1710	-29
-474	-1802	22
-554	-1769	141
-704	-1675	229
-827	-1775	297
-624	-1699	499
-546	-1487	684
-718	-1206	519
-874	-1032	408
-849	-1125	246
-666	-1189	107
-556	-1594	5
-479	-1581	-3
-462	-1559	42
-460	-1471	-28
-440	-1453	-132
-412	-1415	-171
-317	-1409	-142
-282	-1355	-96
-245	-1345	-135
87	-1004	-154
337	-727	-156
310	-899	-221
82	-985	-182
-159	-1368	-143
-283	-1464	-94
-395	-1532	-119
-471	-1605	-24
-559	-1711	-14
-655	-1779	-48
-815	-1707	99
-785	-1585	458
-767	-1475	638
-754	-1125	444
-759	-1083	394
-730	-1034	277
-710	-1303	140
-624	-1612	84
-496	-1661	59
-414	-1657	33
-400	-1575	-69
-421	-1526	-132
-418	-1526	-158
-361	-1558	-147
-302	-1554	-162
-64	-1372	-218
343	-910	-272
544	-733	-303
366	-849	-308
-43	-1161	-269
-153	-1550	-207
-367	-1761	-137
-474	-1773	-32
-524	-1728	43
-555	-1556	-51
-747	-1716	123
-812	-1716	380
-692	-1604	593
-640	-1309	578
-706	-999	447
-802	-1099	396
-739	-1097	223
-664	-1594	69
-530	-1786	40
-460	-1715	82
-439	-1617	28
-463	-1576	-117
-504	-1522	-176
-432	-1486	-174
-336	-1429	-132
-221	-1285	-145
-15	-1072	-185
131	-708	-199
145	-824	-177
132	-803	-225
-93	-1061	-203
-252	-1310	-113
-370	-1535	-86
-500	-1648	-99
-559	-1738	-51
-699	-1790	-105
-829	-1965	-5
-977	-1851	279
-1022	-1506	632
-839	-1183	645
-659	-981	591
-712	-1195	358
-676	-1205	102
-601	-1652	79
-487	-1683	163
-443	-1611	136
-417	-1483	-32
-507	-1436	-168
-523	-1433	-227
-396	-1448	-187
-308	-1449	-174
-203	-1339	-264
29	-1017	-279
277	-874	-307
249	-914	-397
-23	-968	-251
-189	-1249	-119
-266	-1373	-82
-385	-1503	-137
-498	-1681	-20
-570	-1820	-16
-629	-1890	-67
-966	-1836	258
-920	-1521	549
-695	-1349	651
-665	-1139	567
-830	-1282	409
-803	-1178	219
-644	-1560	95
-438	-1679	118
-415	-1705	138
-463	-1598	12
-506	-1544	-141
-525	-1505	-208
-415	-1453	-209
-325	-1387	-173
-270	-1247	-159
-166	-1156	-219
42	-879	-221
246	-855	-269
253	-824	-327
-63	-1088	-172
-169	-1303	-70
-309	-1518	-100
-462	-1670	-103
-558	-1755	63
-552	-1712	-69
-644	-1884	-61
-864	-1910	280
-735	-1673	463
-680	-1402	539
-843	-1056	449
-1058	-1108	361
-840	-1055	150
-655	-1382	57
-532	-1653	62
-466	-1751	50
-420	-1665	-23
-420	-1586	-140
-423	-1508	-210
-379	-1434	-215
-302	-1417	-195
-278	-1356	-203
-219	-1291	-262
36	-1018	-246
443	-903	-334
372	-811	-394
37	-1147	-268
-147	-1429	-169
-347	-1578	-100
-412	-1683	-67
-511	-1792	25
-563	-1754	-66
-754	-1870	62
-932	-1795	309
-855	-1629	484
-818	-1300	519
-837	-969	487
-888	-1121	430
-749	-1104	236
-633	-1563	86
-485	-1890	37
-386	-1899	64
-396	-1732	10
-473	-1665	-116
-554	-1609	-203
-444	-1562	-226
-310	-1420	-184
-265	-1326	-201
-60	-1103	-244
298	-734	-286
420	-807	-307
257	-934	-297
-51	-1281	-212
-197	-1474	-117
-396	-1722	-88
-498	-1870	-7
-547	-1910	-31
-658	-1918	-81
-920	-2014	245
-979	-1732	693
-820	-1486	867
-651	-1141	692
-660	-1087	608
-772	-1184	375
-706	-1311	158
-603	-1839	122
-497	-1871	131
-488	-1801	67
-524	-1679	-108
-624	-1630	-205
-521	-1595	-239
-318	-1456	-163
-227	-1287	-116
-142	-1250	-168
60	-986	-207
308	-647	-207
350	-646	-234
79	-723	-95
-188	-1206	-2
-349	-1702	-50
-446	-2111	-56
-638	-2166	54
-680	-1779	-23
-792	-1517	-18
-656	-1584	188
-658	-1580	427
-804	-1411	427
-900	-1137	285
-950	-951	303
-886	-1163	252
-718	-1273	118
-680	-1721	21
-579	-1740	-45
-474	-1711	-36
-463	-1583	-57
-493	-1549	-125
-474	-1515	-173
-377	-1480	-165
-333	-1411	-133
-168	-1318	-168
146	-941	-231
361	-658	-228
273	-895	-231
29	-978	-235
-165	-1398	-212
-323	-1629	-122
-467	-1748	-64
-516	-1749	75
-511	-1654	-31
