A_X [mg]	A_Y [mg]	A_Z [mg]
-412	-1652	-191
-327	-1743	-208
-201	-1527	-271
18	-1507	-311
402	-1139	-387
758	-754	-496
783	-625	-467
240	-908	-410
-147	-1103	-292
-280	-1589	-240
-392	-1974	-247
-478	-2027	-230
-515	-2058	-174
-548	-1928	-153
-640	-1741	-105
-683	-1679	76
-713	-1623	310
-775	-1549	625
-782	-1565	773
-920	-1466	663
-989	-1214	741
-769	-1223	812
-599	-1315	580
-555	-1315	373
-547	-1600	197
-497	-1879	19
-451	-2065	-116
-402	-2059	-226
-304	-1741	-279
-304	-1536	-249
-404	-1475	-218
-421	-1459	-256
-364	-1443	-263
-302	-1338	-304
-82	-1325	-311
300	-1117	-365
560	-799	-398
513	-770	-316
260	-775	-356
-27	-1009	-282
-255	-1434	-153
-350	-1765	-219
-388	-1984	-251
-529	-2147	-151
-621	-2153	-178
-729	-1991	-155
-954	-1915	128
-959	-1835	415
-929	-1698	785
-876	-1535	910
-673	-1183	714
-577	-1075	628
-555	-1183	497
-584	-1131	272
-643	-1476	146
-595	-1911	136
-526	-1943	76
-433	-1843	-62
-343	-1684	-182
-363	-1546	-244
-380	-1500	-243
-357	-1502	-230
-293	-1510	-246
-270	-1433	-286
-249	-1421	-352
-87	-1308	-378
306	-983	-354
533	-797	-365
299	-741	-337
85	-923	-223
-79	-1347	-160
-256	-1609	-192
-364	-1697	-251
-524	-1923	-111
-615	-1949	-28
-679	-1800	-98
-902	-1864	119
-1039	-1759	365
-947	-1618	597
-774	-1481	680
-638	-1121	571
-695	-1146	520
-778	-1229	406
-725	-1076	273
-701	-1447	173
-608	-1768	105
-491	-1778	-3
-418	-1736	-81
-319	-1575	-97
-290	-1491	-127
-303	-1420	-138
-287	-1407	-151
-261	-1424	-170
-246	-1348	-185
-155	-1246	-184
30	-1073	-245
193	-853	-306
257	-833	-277
187	-881	-262
2	-958	-203
-151	-1285	-115
-232	-1523	-111
-329	-1555	-200
-415	-1655	-138
-490	-1679	-63
-571	-1642	-173
-713	-1669	-64
-938	-1625	203
-962	-1601	379
-892	-1517	525
-860	-1338	514
-733	-1205	465
-658	-1192	528
-663	-1197	468
-657	-1207	327
-626	-1617	208
-544	-1872	84
-385	-1813	57
-277	-1740	42
-264	-1537	-56
-273	-1412	-127
-304	-1351	-168
-300	-1344	-187
-283	-1404	-191
-283	-1383	-237
-238	-1341	-322
-2	-1150	-339
308	-969	-332
360	-899	-356
200	-736	-299
-7	-1048	-205
-147	-1367	-117
-310	-1461	-160
-421	-1642	-177
-480	-1710	-47
-570	-1750	-83
-657	-1734	-54
-944	-1793	241
-1065	-1743	487
-942	-1578	706
-745	-1421	787
-524	-1234	675
-516	-1246	628
-559	-1250	531
-575	-1238	382
-588	-1674	276
-491	-1942	191
-386	-1868	114
-336	-1778	35
-310	-1564	-48
-352	-1428	-127
-362	-1376	-175
-320	-1374	-192
-275	-1378	-196
-195	-1317	-219
-55	-1206	-278
211	-888	-340
409	-759	-334
319	-894	-297
139	-849	-317
-64	-1205	-292
-260	-1605	-165
-420	-1732	-130
-547	-1918	-60
-594	-1865	23
-584	-1752	-89
-623	-1744	31
-797	-1679	486
-880	-1641	849
-809	-1553	1021
-637	-1368	933
-424	-1218	752
-364	-1240	654
-410	-1265	449
-480	-1272	318
-580	-1779	317
-592	-2027	222
-516	-1929	46
-439	-1866	-93
-382	-1573	-168
-363	-1409	-193
-342	-1333	-199
-288	-1296	-219
-247	-1363	-213
-251	-1294	-215
-96	-1185	-198
255	-827	-207
382	-546	-242
279	-751	-201
203	-743	-224
-26	-987	-204
-272	-1452	-60
-348	-1740	-60
-375	-1994	-133
-458	-2055	-97
-574	-1980	-100
-699	-1803	-78
-883	-1712	90
-886	-1720	278
-861	-1613	510
-927	-1482	534
-869	-1200	422
-857	-1043	494
-898	-1201	436
-844	-1209	280
-751	-1537	211
-575	-1842	112
-392	-1822	49
-329	-1751	53
-344	-1561	-1
-396	-1487	-95
-403	-1453	-175
-365	-1436	-211
-328	-1481	-200
-290	-1538	-238
-134	-1476	-290
284	-1031	-323
518	-773	-292
375	-902	-179
271	-868	-207
29	-1166	-279
-194	-1407	-196
-330	-1429	-105
-481	-1674	-45
-531	-1840	-23
-650	-1955	-46
-798	-1932	139
-960	-1664	562
-867	-1331	986
-400	-1282	1206
-180	-1222	1030
-551	-1234	789
-926	-1466	561
-860	-1465	210
-636	-1687	246
-513	-2189	376
-520	-2381	138
-472	-2078	-158
-371	-1743	-256
-354	-1686	-251
-367	-1583	-306
-349	-1466	-341
-225	-1401	-328
-156	-1213	-370
-161	-1047	-424
-101	-899	-400
-45	-742	-333
-55	-727	-292
-34	-596	-311
-57	-424	-206
-326	-596	197
-441	-847	480
-284	-1068	316
-92	-1444	91
-199	-2020	388
-529	-2371	734
-561	-2148	511
-573	-1832	558
-497	-1407	1025
-308	-1198	1189
-466	-1308	947
-821	-1154	673
-962	-1232	581
-776	-1556	484
-508	-1497	335
-451	-1606	219
-555	-1898	115
-653	-1940	-96
-589	-1784	-272
-420	-1574	-242
-410	-1499	-200
-471	-1421	-277
-439	-1374	-374
-393	-1370	-406
-323	-1305	-403
-267	-1318	-391
-223	-1265	-419
-249	-1158	-392
-219	-1126	-320
42	-832	-199
48	-559	256
13	-540	475
271	-687	292
279	-907	130
130	-1287	181
-156	-1826	369
-477	-2217	603
-378	-2399	987
-700	-1978	850
-763	-1498	818
-152	-1512	958
-78	-1464	701
-341	-1270	640
-633	-1283	567
-880	-1328	399
-899	-1165	274
-863	-1414	115
-780	-1721	-77
-545	-1549	-249
-337	-1322	-289
-275	-1175	-223
-356	-1196	-208
-455	-1338	-257
-506	-1560	-320
-485	-1805	-413
-434	-1947	-588
-283	-1879	-658
-94	-1754	-452
112	-1434	-263
536	-627	-185
688	-266	-13
423	-660	116
41	-945	31
-105	-1051	89
-279	-1251	263
-347	-1423	450
-132	-1562	710
-576	-1642	581
-606	-1580	462
-301	-1490	594
-292	-1553	528
-254	-1512	435
-549	-1409	436
-818	-1425	363
-901	-1285	254
-734	-1297	151
-518	-1350	37
-422	-1343	-38
-359	-1293	-73
-321	-1057	-88
-269	-933	-104
-287	-920	-127
-323	-1033	-147
-363	-1300	-182
-397	-1497	-236
-415	-1715	-341
-339	-1679	-479
-182	-1582	-434
174	-1458	-313
577	-771	-302
274	-717	-153
-137	-947	-49
-37	-931	89
-132	-903	-122
-203	-1075	-53
-305	-1439	745
-659	-1144	409
-494	-1255	-237
-672	-1759	95
-1066	-1654	385
-1015	-1436	97
-857	-1299	97
-465	-1283	515
-268	-1347	552
-359	-1194	389
-483	-1363	240
-527	-1560	99
-432	-1477	47
-337	-1385	41
-309	-1207	8
-293	-1137	-73
-334	-1132	-138
-362	-1189	-190
-340	-1392	-217
-322	-1474	-226
-267	-1379	-266
-181	-1219	-288
-90	-1122	-245
68	-1045	-179
197	-750	-159
55	-693	-192
-319	-920	-111
-379	-1089	-25
-388	-1137	38
-326	-1290	55
-226	-1437	45
-592	-1388	61
-640	-1675	-52
-861	-1812	184
-1156	-1484	319
-950	-1367	210
-719	-1241	359
-590	-1166	400
-640	-1248	336
-647	-1151	240
-678	-1490	82
-640	-1671	-38
-455	-1510	-21
-360	-1468	46
-341	-1304	9
-344	-1261	-82
-378	-1270	-139
-377	-1347	-164
-315	-1461	-161
-270	-1531	-130
-226	-1500	-222
15	-1224	-270
353	-1046	-260
388	-956	-394
101	-742	-351
-201	-938	-196
-265	-1188	-133
-272	-1342	-120
-393	-1548	-124
-551	-1611	-52
-611	-1635	-63
-631	-1555	-179
-828	-1577	-122
-864	-1559	120
-799	-1500	528
-852	-1442	660
-849	-1191	463
-828	-1211	363
-750	-1360	247
-605	-1289	210
-517	-1554	210
-464	-1673	182
-429	-1588	145
-425	-1590	41
-391	-1394	-60
-353	-1310	-116
-324	-1267	-135
-276	-1245	-154
-253	-1336	-168
-229	-1296	-198
-200	-1275	-254
-124	-1174	-304
10	-1051	-313
85	-1098	-282
72	-825	-263
-118	-756	-185
-385	-1034	-25
-381	-1213	36
-292	-1259	-68
-283	-1399	-80
-330	-1625	-112
-489	-1763	-256
-743	-2026	-123
-1266	-1863	-38
-1202	-1540	-48
-884	-1567	172
-969	-1283	365
-910	-1101	406
-869	-1217	381
-750	-1063	302
-678	-1358	142
-591	-1721	-1
-368	-1719	2
-298	-1691	80
-319	-1513	53
-334	-1430	-66
-373	-1392	-155
-391	-1387	-205
-363	-1521	-227
-322	-1559	-211
-287	-1465	-224
-163	-1223	-271
-12	-1047	-252
97	-1023	-260
209	-753	-321
70	-736	-189
-155	-993	13
-205	-1164	30
-300	-1303	-17
-315	-1434	-33
-433	-1619	47
-675	-1743	82
-586	-1921	-54
-921	-2033	76
-1244	-1644	271
-898	-1430	361
-672	-1323	458
-747	-1146	373
-865	-1280	274
-823	-1108	170
-718	-1277	83
-592	-1544	76
-442	-1542	61
-376	-1579	17
-376	-1413	-45
-370	-1365	-114
-354	-1375	-152
-342	-1376	-169
-324	-1497	-176
-280	-1481	-161
-260	-1402	-211
-141	-1236	-258
117	-1022	-195
275	-978	-213
243	-796	-299
6	-868	-220
-225	-1177	-64
-292	-1329	31
-325	-1354	12
-331	-1316	-41
-320	-1387	-40
-382	-1541	-114
-524	-1790	-140
-800	-2004	-20
-1094	-1794	107
-1147	-1590	237
-963	-1416	357
-804	-1160	437
-807	-1199	468
-821	-1135	347
-762	-1238	167
-633	-1515	69
-444	-1586	49
-307	-1592	89
-302	-1511	84
-347	-1427	-27
-366	-1430	-140
-370	-1458	-205
-341	-1533	-213
-317	-1592	-197
-301	-1541	-214
-228	-1416	-309
54	-1221	-311
414	-989	-220
449	-760	-270
276	-735	-235
-1	-1054	-161
-228	-1323	-92
-317	-1393	-37
-380	-1507	-33
-431	-1589	56
-480	-1634	-23
-522	-1838	-153
-813	-2063	-31
-977	-1849	103
-884	-1593	380
-850	-1385	698
-825	-1143	700
-801	-1173	624
-652	-1106	453
-526	-1288	227
-440	-1611	103
-291	-1706	144
-252	-1718	226
-306	-1593	134
-322	-1475	-30
-354	-1407	-152
-403	-1390	-228
-388	-1486	-247
-325	-1546	-224
-269	-1423	-211
-182	-1214	-279
1	-1050	-264
241	-900	-186
322	-701	-276
145	-704	-245
-35	-1045	-155
-231	-1333	-91
-392	-1422	-11
-402	-1490	44
-438	-1542	134
-400	-1587	31
-376	-1782	-82
-658	-2117	173
-986	-1934	598
-1066	-1611	746
-926	-1349	693
-773	-1163	580
-778	-1323	317
-753	-1105	106
-652	-1196	57
-567	-1527	119
-528	-1556	132
-484	-1559	42
-420	-1476	-60
-414	-1456	-172
-397	-1441	-223
-335	-1419	-213
-277	-1468	-188
-248	-1475	-150
-233	-1372	-160
-159	-1174	-154
180	-921	-107
521	-718	-154
344	-687	-159
-32	-955	3
-263	-1341	74
-259	-1624	2
-262	-1708	-110
-444	-1670	-78
-460	-1570	-12
-513	-1421	-67
-798	-1490	104
-934	-1581	199
-819	-1487	220
-721	-1474	401
-752	-1305	386
-839	-1066	290
-895	-1130	270
-875	-1162	159
-743	-1316	56
-617	-1610	34
-525	-1675	16
-443	-1626	-6
-415	-1548	-59
-374	-1437	-119
-323	-1346	-155
-305	-1272	-164
-273	-1273	-161
-248	-1353	-147
-265	-1383	-138
-197	-1299	-172
41	-1043	-213
252	-845	-208
270	-880	-198
184	-887	-246
-4	-1090	-315
-235	-1404	-232
-374	-1563	-149
-433	-1664	-160
-514	-1660	-30
-602	-1600	46
-610	-1533	-74
-698	-1674	-73
-775	-1754	159
-738	-1561	549
-731	-1343	727
-838	-1157	565
-960	-1150	415
-838	-1207	249
-609	-1231	135
-494	-1632	100
-460	-1848	92
-457	-1694	123
-445	-1663	76
-433	-1550	-36
-425	-1448	-139
-373	-1361	-183
-299	-1288	-163
-212	-1263	-143
-207	-1187	-126
-219	-1088	-182
-122	-935	-257
-59	-916	-242
-2	-989	-289
-28	-795	-301
-261	-870	-178
-356	-1101	-45
-313	-1155	-41
-351	-1231	-92
-374	-1280	-16
-434	-1444	67
-448	-1564	8
-469	-1784	-72
-731	-1999	103
-985	-1760	350
-992	-1560	406
-858	-1406	415
-754	-1166	425
-770	-1237	366
-731	-1118	235
-694	-1234	136
-643	-1476	90
-508	-1415	62
-407	-1467	48
-341	-1401	-8
-339	-1347	-101
-338	-1363	-168
-320	-1367	-188
-302	-1433	-184
-308	-1496	-173
-283	-1475	-200
-273	-1292	-267
-190	-1175	-272
-11	-1259	-262
-82	-1045	-292
41	-739	-149
67	-748	54
-168	-848	134
-154	-919	123
-170	-1025	29
-219	-1280	24
-303	-1569	-46
-419	-1811	-318
-789	-2228	-249
-1313	-1927	-111
-1206	-1412	-57
-793	-1472	223
-832	-1197	393
-889	-1068	507
-735	-1054	433
-679	-1151	207
-664	-1485	57
-505	-1594	-0
-297	-1607	85
-243	-1541	124
-300	-1402	28
-365	-1343	-89
-406	-1323	-179
-405	-1319	-223
-345	-1367	-211
-266	-1303	-180
-225	-1186	-196
-144	-1056	-219
20	-911	-157
127	-927	-140
112	-768	-162
-105	-736	-50
-299	-1007	117
-263	-1195	137
-239	-1348	19
-306	-1406	-17
-402	-1517	56
-465	-1595	43
-557	-1692	41
-818	-1721	151
-952	-1474	270
-836	-1435	315
-761	-1388	236
-759	-1108	164
-834	-1181	168
-854	-1074	141
-802	-1134	56
-721	-1460	0
-543	-1424	-29
-394	-1491	-52
-334	-1440	-51
-331	-1359	-79
-321	-1363	-126
-304	-1313	-146
-304	-1325	-159
-279	-1341	-143
-286	-1359	-177
-265	-1324	-254
4	-1133	-210
334	-989	-183
368	-886	-236
113	-864	-113
-215	-1091	39
-303	-1332	48
-246	-1404	-29
-378	-1425	-107
-491	-1455	-17
-511	-1429	-35
-565	-1421	-91
-720	-1461	53
-854	-1389	225
-829	-1358	386
-799	-1389	401
-767	-1207	246
-741	-1123	205
-728	-1193	242
-673	-1137	180
-653	-1348	102
-624	-1640	41
-511	-1572	-27
-414	-1499	-74
-347	-1368	-101
-308	-1208	-109
-303	-1188	-112
-305	-1232	-127
-296	-1347	-136
-264	-1383	-133
-243	-1286	-146
-180	-1112	-177
-66	-925	-165
-47	-957	-142
-42	-934	-147
-138	-954	-122
-323	-1174	-51
-324	-1176	2
-287	-1110	2
-283	-1089	21
-336	-1178	71
-405	-1341	-25
-449	-1633	-281
-795	-2165	-433
-1250	-2154	-342
-1258	-1522	-134
-1088	-1225	97
-1137	-1138	281
-1244	-1118	213
-1008	-1077	71
-673	-1245	30
-527	-1602	-14
-351	-1618	10
-299	-1632	81
-380	-1552	63
-383	-1442	-53
-365	-1410	-160
-391	-1340	-198
-381	-1419	-199
-354	-1522	-196
-333	-1496	-198
-254	-1376	-224
-124	-1198	-234
108	-1123	-175
325	-872	-291
215	-612	-286
-57	-753	-22
-158	-1004	33
-210	-1225	-58
-339	-1426	-134
-471	-1717	-31
-593	-1823	-34
-596	-1909	-135
-877	-1992	-77
-1164	-1723	88
-867	-1601	422
-737	-1467	640
-752	-1100	668
-738	-1142	569
-759	-1170	373
-671	-1224	186
-553	-1625	86
-374	-1744	117
-289	-1713	151
-330	-1561	87
-364	-1427	-56
-393	-1402	-165
-431	-1365	-227
-396	-1459	-250
-314	-1496	-218
-263	-1379	-221
-197	-1247	-270
-35	-1076	-269
210	-973	-207
324	-773	-279
99	-703	-288
-173	-971	-90
-204	-1201	39
-201	-1431	35
-296	-1612	-20
-419	-1752	72
-445	-1714	47
-443	-1733	-79
-740	-1878	157
-1039	-1745	557
-925	-1639	734
-764	-1466	661
-705	-1120	513
-697	-1209	394
-677	-1198	272
-601	-1190	145
-557	-1563	80
-519	-1617	49
-495	-1601	7
-454	-1562	-47
-405	-1466	-137
-391	-1427	-198
-354	-1340	-203
-305	-1365	-207
-275	-1395	-183
-249	-1335	-145
-171	-1215	-131
56	-878	-114
224	-806	-125
267	-875	-166
122	-942	-124
-138	-1203	-24
-216	-1309	36
-262	-1351	32
-328	-1362	-9
-373	-1410	-1
-422	-1499	-50
-463	-1687	-122
-659	-1956	-37
-951	-1886	114
-1066	-1672	225
-1008	-1486	328
-871	-1147	442
-793	-1188	426
-743	-1190	286
-656	-1190	191
-577	-1479	138
-475	-1470	115
-429	-1541	130
-448	-1543	87
-450	-1485	-26
-434	-1550	-140
-404	-1493	-185
-395	-1472	-181
-368	-1441	-149
-209	-1273	-123
9	-1034	-237
152	-777	-321
173	-900	-216
152	-1011	-222
30	-1055	-312
-204	-1348	-224
-317	-1483	-108
-344	-1538	-103
-434	-1502	-96
-516	-1503	-19
-525	-1483	-59
-588	-1506	-78
-782	-1639	64
-904	-1614	249
-872	-1566	438
-850	-1368	504
-833	-1108	529
-863	-1236	436
-801	-1283	255
-644	-1372	152
-512	-1684	107
-375	-1704	103
-375	-1699	55
-404	-1594	-34
-360	-1435	-125
-350	-1356	-183
-349	-1264	-206
-293	-1264	-223
-247	-1293	-228
-263	-1388	-273
-239	-1448	-402
-39	-1211	-450
275	-964	-295
247	-791	-241
114	-623	-192
-7	-781	-18
-254	-1188	20
-247	-1544	-49
-386	-1832	-131
-600	-1972	-21
-609	-1794	21
-742	-1536	-70
-806	-1525	-25
-644	-1564	43
-612	-1521	261
-728	-1428	515
-794	-1180	478
-912	-1117	421
-942	-1191	358
-762	-1222	205
-518	-1482	169
-344	-1717	141
-342	-1740	88
-388	-1727	29
-384	-1575	-77
-365	-1385	-167
-360	-1301	-221
-339	-1241	-242
-292	-1289	-257
-255	-1340	-275
-232	-1277	-279
-194	-1209	-327
18	-1044	-232
243	-895	-143
353	-734	-266
233	-828	-329
-140	-1320	-183
-303	-1516	20
-261	-1557	63
-208	-1572	55
-240	-1623	44
-334	-1669	-66
-515	-1780	-42
-870	-1927	129
-1077	-1708	262
-978	-1487	420
-809	-1271	497
-767	-1108	500
-826	-1183	418
-815	-1243	231
-684	-1417	87
-516	-1682	-1
-375	-1722	10
-351	-1702	39
-374	-1627	-42
-366	-1521	-164
-377	-1460	-219
-385	-1401	-219
-329	-1401	-214
-284	-1408	-195
-274	-1384	-216
-137	-1227	-283
148	-1026	-261
538	-828	-393
421	-709	-402
-94	-954	-104
-203	-1335	0
-211	-1486	-96
-302	-1607	-247
-450	-1753	-113
-602	-1732	58
-553	-1606	-70
-648	-1566	-47
-822	-1642	175
-749	-1724	353
-749	-1643	456
-782	-1365	414
-846	-1204	408
-879	-1166	402
-718	-1132	264
-581	-1306	174
-507	-1518	138
-459	-1555	118
-412	-1577	64
-369	-1508	-28
-339	-1414	-97
-325	-1375	-152
-321	-1301	-183
-293	-1295	-180
-279	-1366	-178
-291	-1395	-211
-163	-1246	-272
148	-987	-229
434	-881	-289
370	-812	-345
56	-904	-202
-153	-1303	-101
-289	-1503	-57
-367	-1517	-84
-371	-1512	-21
-399	-1492	63
-429	-1484	16
-552	-1520	152
-710	-1597	392
-686	-1643	474
-657	-1621	475
-713	-1381	389
-801	-1176	378
-884	-1209	389
-807	-1190	254
-639	-1278	139
-550	-1510	61
-490	-1526	19
-435	-1508	20
-407	-1436	-21
-384	-1359	-91
-363	-1357	-134
-350	-1330	-162
-326	-1387	-166
-314	-1441	-165
-247	-1382	-196
21	-1139	-227
279	-821	-229
352	-861	-225
235	-946	-232
4	-1031	-196
-181	-1408	-73
-314	-1539	-9
-354	-1543	-46
-358	-1575	50
-394	-1583	166
-431	-1508	93
-510	-1505	76
-632	-1624	194
-789	-1569	274
-964	-1448	278
-1005	-1182	249
-926	-1115	329
-861	-1180	326
-824	-1212	153
-752	-1485	57
-603	-1682	25
-432	-1699	28
-325	-1656	33
-339	-1555	-33
-369	-1501	-117
-378	-1488	-154
-370	-1472	-186
-349	-1527	-185
-359	-1581	-198
-269	-1490	-288
75	-1202	-293
581	-855	-278
673	-733	-284
351	-876	-211
93	-1165	-152
-144	-1468	-102
-301	-1588	-81
-360	-1630	-84
-459	-1734	4
-525	-1742	-112
-647	-1736	-203
-928	-1790	-23
-1069	-1747	181
-977	-1657	450
-839	-1409	585
-727	-1080	589
-765	-1176	546
-831	-1193	397
-729	-1227	226
-573	-1638	128
-424	-1807	146
-317	-1807	186
-318	-1676	107
-385	-1520	-52
-446	-1457	-133
-460	-1387	-161
-408	-1404	-174
-342	-1446	-158
-271	-1470	-188
-37	-1315	-248
344	-891	-284
462	-763	-295
291	-766	-244
73	-829	-215
-109	-1201	-225
-282	-1508	-190
-509	-1739	-131
-652	-1788	7
-686	-1689	83
-612	-1588	-30
-594	-1634	-15
-716	-1821	249
-758	-1751	561
-757	-1549	718
-784	-1355	656
-796	-1070	609
-780	-1202	508
-675	-1249	313
-538	-1321	206
-492	-1717	163
-487	-1742	122
-473	-1762	44
-447	-1655	-59
-402	-1474	-165
-377	-1415	-229
-364	-1324	-228
-329	-1375	-221
-306	-1399	-207
-296	-1364	-220
-157	-1300	-266
154	-976	-244
360	-916	-294
355	-845	-302
140	-877	-179
-166	-1316	-77
-289	-1470	-22
-316	-1594	-57
-376	-1655	4
-392	-1677	77
-375	-1761	-96
-504	-2020	-166
-890	-2181	54
-1168	-1839	323
-1096	-1560	504
-973	-1356	526
-849	-1094	520
-752	-1099	443
-699	-1043	318
-621	-1127	196
-583	-1565	41
-535	-1745	24
-464	-1749	88
-426	-1725	38
-422	-1704	-132
-458	-1694	-246
-488	-1636	-261
-437	-1652	-221
-367	-1606	-182
-281	-1486	-193
13	-1267	-179
451	-797	-187
608	-731	-229
440	-807	-225
158	-939	-232
-124	-1375	-200
-277	-1553	-124
-347	-1723	-117
-426	-1867	-49
-519	-1897	33
-566	-1807	-18
-673	-1778	21
-770	-1832	220
-748	-1736	434
-785	-1582	518
-878	-1255	420
-983	-1032	401
-954	-1059	359
-746	-1098	198
-579	-1361	67
-524	-1676	-18
-503	-1685	-13
-459	-1614	1
-395	-1513	-53
-369	-1447	-151
-390	-1452	-216
-398	-1496	-242
-349	-1648	-218
-342	-1707	-186
-306	-1631	-183
63	-1369	-178
534	-832	-261
637	-664	-282
383	-805	-188
86	-1054	-179
-122	-1456	-179
-287	-1607	-122
-373	-1728	-52
-416	-1817	36
-491	-1745	-9
-540	-1726	-118
-764	-1730	45
-896	-1648	312
-781	-1570	475
-779	-1359	552
-736	-1048	501
-789	-1047	509
-797	-1089	420
-736	-1250	195
-649	-1616	132
-421	-1807	141
-309	-1859	109
-288	-1753	55
-354	-1624	-42
-406	-1591	-140
-438	-1536	-222
-487	-1632	-235
-403	-1688	-227
-206	-1614	-244
121	-1343	-273
497	-769	-378
593	-757	-363
464	-841	-334
201	-986	-331
-51	-1431	-251
-201	-1639	-182
-363	-1824	-127
-468	-1865	-15
-558	-1800	107
-532	-1650	-34
-588	-1602	19
-720	-1703	421
-698	-1691	691
-673	-1627	721
-664	-1333	607
-704	-1037	567
-746	-1183	480
-703	-1195	309
-658	-1417	162
-596	-1835	74
-492	-1791	70
-434	-1702	48
-410	-1559	-35
-415	-1447	-134
-447	-1404	-196
-411	-1367	-214
-327	-1409	-189
-295	-1420	-174
-205	-1356	-208
96	-1034	-234
396	-679	-242
387	-804	-255
174	-932	-240
-20	-1190	-232
-204	-1613	-164
-365	-1674	-105
-440	-1699	-68
-485	-1670	62
-509	-1511	24
-518	-1430	-60
-641	-1602	52
-778	-1788	257
-830	-1732	481
-834	-1463	553
-807	-1173	516
-837	-1136	535
-817	-1175	402
-718	-1316	195
-608	-1617	103
-481	-1770	79
-394	-1736	96
-375	-1623	54
-379	-1504	-51
-386	-1448	-145
-411	-1410	-197
-392	-1439	-217
-319	-1492	-203
-272	-1455	-193
-124	-1293	-226
179	-946	-226
349	-722	-170
302	-787	-160
170	-855	-181
-76	-1102	-146
-281	-1431	-49
-335	-1526	-24
-357	-1635	-33
-366	-1704	3
-429	-1690	-86
-546	-1778	-96
-803	-1926	124
-1006	-1840	328
-975	-1627	524
-843	-1370	635
-683	-1110	578
-670	-1136	561
-707	-1093	441
-697	-1134	231
-640	-1535	109
-529	-1736	67
-428	-1700	91
-368	-1661	57
-376	-1566	-64
-415	-1548	-176
-456	-1557	-225
-423	-1569	-223
-324	-1561	-181
-284	-1472	-155
-120	-1330	-170
267	-962	-190
535	-618	-206
498	-640	-199
206	-832	-186
-28	-1167	-190
-205	-1564	-152
-390	-1705	-129
-431	-1753	-64
-525	-1738	42
-599	-1578	-74
-631	-1657	-146
-747	-1892	58
-823	-1801	404
-823	-1617	726
-800	-1394	770
-741	-1125	653
-707	-1188	593
-693	-1212	443
-606	-1272	230
-508	-1640	155
-433	-1804	175
-374	-1742	161
-384	-1676	52
-432	-1557	-94
-481	-1496	-177
-468	-1454	-213
-357	-1447	-211
-246	-1431	-197
-216	-1402	-210
-79	-1259	-242
200	-898	-264
353	-734	-246
371	-698	-272
166	-852	-257
-132	-1234	-144
-274	-1544	-57
-360	-1735	-69
-439	-1872	-33
-499	-1924	99
-537	-1740	96
-594	-1579	165
-654	-1713	431
-682	-1723	631
-683	-1595	673
-690	-1336	587
-712	-1026	514
-706	-1143	504
-708	-1151	387
-692	-1321	211
-610	-1699	131
-500	-1735	96
-412	-1690	64
-390	-1606	12
-409	-1538	-75
-418	-1508	-140
-416	-1497	-179
-398	-1549	-171
-374	-1525	-143
-290	-1444	-146
-38	-1227	-165
269	-875	-192
473	-755	-212
473	-736	-263
133	-976	-262
-135	-1377	-198
-251	-1582	-161
-412	-1691	-157
-490	-1773	-69
-581	-1818	6
-601	-1773	-139
-697	-1854	-128
-930	-1851	130
-965	-1677	499
-909	-1584	717
-853	-1284	607
-698	-1051	575
-648	-1158	572
-676	-1114	417
-650	-1409	247
-578	-1886	146
-440	-1925	126
-320	-1801	132
-295	-1622	54
-377	-1539	-76
-499	-1521	-159
-496	-1584	-214
-408	-1676	-195
-317	-1573	-204
-185	-1390	-257
207	-1025	-277
582	-663	-320
411	-736	-304
205	-836	-323
35	-1178	-339
-231	-1503	-237
-389	-1552	-146
-550	-1703	-73
-666	-1700	0
-628	-1678	-54
-574	-1814	-100
-759	-2005	158
-903	-1870	514
-871	-1588	721
-787	-1394	751
-617	-1161	713
-552	-1133	713
-641	-1195	539
-725	-1337	287
-665	-1746	186
-468	-1918	180
-311	-1795	176
-302	-1693	78
-380	-1559	-80
-462	-1500	-174
-477	-1454	-221
-378	-1444	-228
-287	-1474	-210
-256	-1405	-215
-178	-1232	-254
3	-977	-252
179	-836	-215
217	-803	-268
151	-719	-276
-46	-897	-184
-287	-1224	-64
-412	-1428	-12
-465	-1629	-5
-558	-1745	99
-585	-1733	63
-516	-1744	-70
-732	-1886	202
-915	-1762	559
-799	-1577	669
-710	-1398	614
-721	-1150	497
-799	-1191	483
-794	-1183	355
-675	-1366	193
-544	-1718	106
-427	-1784	68
-350	-1688	90
-365	-1560	37
-421	-1461	-77
-436	-1390	-148
-407	-1340	-182
-326	-1331	-185
-254	-1294	-158
-223	-1193	-154
-118	-1056	-169
46	-814	-181
157	-707	-245
175	-871	-342
23	-956	-342
-239	-1180	-230
-359	-1508	-90
-410	-1658	-68
-483	-1761	-62
-484	-1743	43
-499	-1633	27
-576	-1564	16
-729	-1632	207
-767	-1670	407
-713	-1633	509
-729	-1351	485
-834	-1094	416
-985	-1176	404
-934	-1137	311
-771	-1358	200
-604	-1705	112
-402	-1799	27
-283	-1782	19
-288	-1644	8
-349	-1577	-59
-392	-1541	-133
-386	-1487	-187
-347	-1478	-214
-267	-1429	-220
-250	-1332	-230
-127	-1163	-239
128	-882	-203
279	-703	-180
359	-750	-248
155	-990	-246
-86	-1326	-153
-249	-1532	-84
-380	-1586	-81
-396	-1695	-0
-468	-1744	60
-554	-1757	39
-764	-1888	297
-919	-1760	550
-733	-1596	688
-485	-1561	730
-467	-1291	608
-647	-1238	535
-803	-1343	399
-755	-1264	213
-630	-1541	81
-537	-1649	17
-451	-1463	31
-412	-1379	18
-408	-1254	-80
-415	-1264	-166
-420	-1301	-211
-382	-1420	-214
-361	-1544	-174
-335	-1570	-191
-202	-1427	-246
102	-1096	-200
385	-874	-211
350	-800	-311
90	-838	-237
-195	-1074	-115
-317	-1247	-75
-307	-1311	-94
-381	-1419	-91
-536	-1482	25
-570	-1466	21
-510	-1544	-119
-662	-1784	-41
-897	-1797	242
-888	-1643	494
-737	-1442	570
-688	-1171	561
-752	-1091	561
-767	-1112	420
-682	-1274	199
-570	-1678	49
-380	-1792	44
-271	-1659	129
-321	-1568	113
-372	-1477	-27
-459	-1455	-153
-505	-1445	-216
-432	-1500	-218
-345	-1483	-194
-199	-1388	-216
-6	-1094	-220
246	-765	-191
428	-747	-229
286	-762	-284
25	-904	-261
-193	-1277	-154
-317	-1593	-52
-408	-1723	-44
-484	-1755	16
-469	-1669	48
-485	-1548	-78
-602	-1622	-29
-734	-1684	173
-713	-1572	299
-668	-1507	467
-719	-1311	457
-805	-1062	345
-904	-1106	362
-891	-1219	247
-733	-1386	148
-549	-1648	123
-436	-1773	75
-381	-1698	27
-399	-1544	-37
-412	-1448	-94
-356	-1404	-142
-329	-1374	-177
-294	-1395	-188
-274	-1389	-173
-288	-1338	-182
-177	-1215	-239
3	-1015	-231
253	-886	-250
367	-783	-354
63	-803	-318
-140	-1166	-204
-242	-1496	-72
-401	-1588	-18
-421	-1589	37
-423	-1527	136
-395	-1440	21
-399	-1476	-55
-576	-1727	121
-773	-1768	304
-855	-1632	343
-879	-1382	306
-889	-1149	344
-886	-1128	435
-821	-1115	365
-719	-1348	196
-595	-1641	101
-431	-1689	73
-338	-1653	80
-352	-1566	29
-396	-1482	-75
-417	-1436	-122
-374	-1371	-168
-331	-1374	-211
-294	-1407	-240
-275	-1421	-258
-176	-1260	-315
29	-1078	-282
373	-993	-294
503	-832	-444
55	-925	-280
-193	-1204	-51
-245	-1444	21
-401	-1547	-34
-405	-1604	-20
-387	-1641	29
-430	-1639	-125
-627	-1800	-51
-872	-1816	180
-869	-1685	353
-850	-1540	518
-831	-1247	530
-766	-1071	487
-805	-1082	475
-742	-1082	342
-656	-1283	207
-601	-1662	130
-527	-1838	67
-457	-1802	37
-405	-1698	-12
-402	-1596	-98
-411	-1538	-170
-401	-1496	-212
-351	-1486	-237
-297	-1489	-228
-259	-1399	-225
-161	-1274	-255
87	-947	-216
220	-685	-149
151	-735	-149
103	-673	-107
-117	-885	-20
-275	-1239	32
-318	-1497	-12
-400	-1776	-55
-501	-1885	30
-561	-1839	-34
-594	-1661	-161
-864	-1606	18
-813	-1631	148
-706	-1514	282
-889	-1427	373
-908	-1162	273
-915	-1047	297
-879	-1260	268
-689	-1175	180
-556	-1419	139
-518	-1599	84
-481	-1536	23
-450	-1603	-9
-404	-1449	-62
-346	-1369	-145
-312	-1325	-184
-311	-1310	-199
-308	-1444	-198
-311	-1483	-217
-216	-1390	-255
33	-1125	-267
233	-802	-239
221	-743	-200
103	-785	-239
-39	-951	-243
-321	-1254	-95
-443	-1483	49
-361	-1464	68
-344	-1300	39
-307	-1218	25
-290	-1162	8
-354	-1295	12
-543	-1603	103
-745	-1629	188
-924	-1652	176
-1080	-1434	168
-1039	-1104	294
-878	-1263	437
-779	-1179	360
-730	-1266	179
-610	-1520	73
-442	-1578	22
-340	-1632	36
-325	-1508	51
-338	-1408	-17
-342	-1355	-106
-348	-1305	-178
-353	-1359	-206
-326	-1448	-188
-288	-1411	-171
-218	-1165	-157
-134	-941	-126
-65	-949	-101
42	-858	-118
52	-678	-112
-92	-793	-27
-198	-1009	68
-226	-1117	64
-241	-1177	3
-275	-1275	26
-373	-1443	51
-459	-1633	19
-621	-1945	133
-999	-1813	281
-1063	-1612	320
-745	-1553	369
-639	-1276	449
-716	-1225	477
-773	-1104	369
-745	-1158	208
-649	-1427	68
-484	-1476	-17
-344	-1423	14
-332	-1322	58
-360	-1233	-8
-380	-1221	-113
-382	-1270	-179
-390	-1373	-196
-367	-1499	-181
-422	-1531	-218
-349	-1413	-246
125	-1094	-190
497	-759	-182
401	-756	-191
107	-993	-127
-78	-1263	-136
-201	-1404	-182
-294	-1344	-159
-361	-1316	-89
-492	-1333	-26
-586	-1260	-63
-601	-1269	-59
-658	-1437	115
-778	-1619	330
-851	-1655	427
-761	-1391	395
-654	-1138	417
-684	-1133	497
-699	-1101	387
-680	-1182	181
-612	-1418	78
-474	-1507	37
-385	-1481	34
-372	-1396	22
-388	-1270	-57
-398	-1217	-135
-383	-1219	-176
-352	-1267	-188
-307	-1325	-175
-301	-1375	-187
-259	-1234	-232
-125	-1036	-225
-36	-1063	-200
-3	-963	-240
-70	-868	-224
-317	-1022	-97
-300	-1080	-33
-339	-1107	5
-296	-1061	-10
-270	-1043	50
-690	-1204	189
-325	-1187	-85
-363	-1622	-189
-1022	-1973	80
-1133	-1656	-6
-969	-1334	-71
-681	-1191	217
-648	-1217	385
-710	-1127	344
-707	-1148	176
-664	-1344	40
-534	-1388	-0
-370	-1377	2
-271	-1350	37
-268	-1253	-8
-296	-1218	-71
-328	-1258	-121
-341	-1346	-158
-309	-1465	-171
-314	-1508	-193
-258	-1387	-282
-56	-1109	-302
140	-871	-229
220	-816	-258
101	-915	-230
-16	-1128	-134
-127	-1273	-76
-281	-1246	-37
-339	-1202	-31
-386	-1212	-4
-409	-1275	-46
-470	-1477	-76
-694	-1713	140
-832	-1603	286
-808	-1505	311
-711	-1455	363
-599	-1205	337
-623	-1130	380
-681	-1080	397
-724	-1205	238
-699	-1562	43
-537	-1611	-64
-328	-1455	-24
-226	-1356	35
-274	-1259	-38
-348	-1234	-116
-404	-1272	-156
-408	-1384	-173
-348	-1408	-155
-313	-1447	-192
-225	-1370	-305
-25	-1142	-328
198	-1066	-338
259	-825	-421
40	-789	-293
-61	-1068	-150
-120	-1239	-116
-294	-1312	-72
-354	-1374	2
-382	-1471	134
-361	-1496	70
-417	-1555	-32
-663	-1771	145
-793	-1726	334
-762	-1577	379
-737	-1385	372
-738	-1137	351
-757	-1142	371
-702	-1025	324
-642	-1148	194
-611	-1546	30
-517	-1644	-70
-374	-1536	-42
-295	-1398	-18
-318	-1305	-65
-366	-1291	-122
-420	-1345	-162
-424	-1495	-182
-417	-1576	-185
-364	-1650	-276
-230	-1551	-389
75	-1255	-362
448	-1002	-351
409	-675	-404
163	-803	-340
-0	-1093	-267
-196	-1224	-201
-353	-1355	-115
-434	-1454	-29
-507	-1556	88
-506	-1503	70
-525	-1675	71
-707	-1962	313
-736	-1824	550
-609	-1601	622
-560	-1292	601
-592	-1053	537
-718	-1152	448
-759	-1106	281
-642	-1372	107
-468	-1661	17
-330	-1636	17
-299	-1588	30
-324	-1412	-37
-337	-1339	-132
-366	-1339	-188
-390	-1384	-218
-336	-1536	-229
-269	-1542	-215
-238	-1471	-241
-140	-1287	-262
42	-1043	-211
234	-903	-219
288	-634	-266
66	-731	-169
-158	-1075	-33
-229	-1316	2
-326	-1491	-51
-408	-1571	-31
-428	-1593	41
-538	-1517	95
-717	-1618	275
-745	-1684	284
-611	-1554	289
-515	-1493	379
-596	-1253	342
-743	-1108	358
-783	-1219	359
-734	-1123	301
-614	-1340	168
-467	-1533	28
-370	-1455	3
-341	-1441	29
-357	-1307	5
-366	-1260	-68
-396	-1254	-130
-446	-1260	-167
-440	-1363	-189
-420	-1324	-199
-386	-1302	-219
-267	-1260	-260
-97	-1056	-224
127	-931	-183
242	-768	-242
54	-815	-166
-162	-1102	-3
-239	-1345	64
-304	-1468	27
-301	-1461	15
-318	-1444	55
-422	-1413	-27
-503	-1446	-31
-691	-1555	134
-770	-1511	209
-690	-1489	158
-696	-1402	122
-719	-1169	167
-761	-1128	222
-762	-1082	218
-706	-1141	201
-625	-1308	99
-506	-1404	-45
-403	-1498	-76
-366	-1486	-44
-338	-1358	-43
-294	-1249	-93
-293	-1206	-142
-294	-1199	-163
-291	-1284	-171
-293	-1325	-159
-281	-1338	-186
-238	-1272	-254
-130	-1130	-254
-5	-1120	-240
52	-909	-259
-45	-840	-201
-205	-1008	-62
-247	-1061	18
-259	-1107	-19
-314	-1123	-45
-357	-1198	4
-413	-1325	-36
-459	-1467	-127
-604	-1653	-32
-769	-1638	156
-791	-1604	174
-762	-1450	163
-735	-1148	263
-740	-1202	302
-707	-1076	285
-628	-1142	196
-555	-1359	62
-448	-1331	6
-371	-1397	19
-350	-1304	30
-309	-1211	-32
-306	-1181	-97
-321	-1173	-131
-327	-1306	-146
-322	-1464	-130
-330	-1600	-205
-283	-1539	-345
-109	-1378	-370
57	-1297	-379
164	-881	-389
36	-719	-250
-62	-978	-64
-95	-1125	-15
-250	-1185	-50
-280	-1134	-10
-300	-1161	94
-308	-1245	92
-348	-1355	24
-561	-1628	106
-741	-1708	240
-786	-1641	204
-736	-1445	181
-664	-1174	307
-703	-1247	355
-721	-1101	268
-672	-1210	114
-586	-1441	-31
-447	-1350	-52
-361	-1376	2
-341	-1264	6
-342	-1183	-61
-357	-1178	-130
-370	-1199	-156
-351	-1287	-168
-328	-1325	-150
-328	-1438	-178
-266	-1460	-279
-147	-1273	-317
-35	-1169	-320
74	-939	-309
-2	-784	-234
-167	-974	-29
-208	-1116	151
-178	-1065	80
-147	-1002	-30
-226	-1073	4
-353	-1214	6
-451	-1402	-34
-660	-1683	9
-902	-1709	53
-965	-1502	-22
-780	-1361	-71
-570	-1266	90
-635	-1282	266
-721	-1183	246
-686	-1100	130
-631	-1204	43
-526	-1316	-21
-424	-1404	-22
-362	-1385	8
-312	-1268	-18
-285	-1166	-53
-291	-1117	-80
-302	-1140	-122
-289	-1219	-145
-273	-1318	-151
-274	-1418	-214
-254	-1338	-305
-201	-1179	-294
-147	-1157	-250
-131	-931	-285
-182	-806	-224
-264	-958	-16
-312	-1001	83
-282	-982	10
-205	-900	-26
-208	-932	46
-296	-1065	75
-360	-1201	46
-471	-1480	52
-644	-1641	181
-731	-1630	269
-722	-1491	193
-683	-1233	234
-660	-1311	345
-651	-1184	347
-626	-1052	204
-566	-1227	36
-478	-1240	-20
-392	-1261	-14
-330	-1147	5
-303	-1039	-45
-301	-1042	-112
-332	-1082	-148
-341	-1206	-177
-322	-1324	-172
-322	-1454	-192
-298	-1602	-302
-230	-1583	-387
-107	-1413	-335
41	-1233	-252
123	-837	-219
-9	-622	-159
-285	-779	-39
-394	-831	32
-321	-875	3
-285	-950	12
-338	-1132	103
-401	-1297	129
-457	-1412	122
-564	-1485	241
-637	-1475	326
-601	-1544	248
-572	-1437	227
-584	-1253	348
-647	-1166	502
-686	-1122	434
-597	-1250	162
-436	-1445	-35
-257	-1449	-74
-162	-1315	1
-222	-1187	31
-309	-1111	-11
-339	-1098	-87
-355	-1228	-176
-355	-1451	-215
-324	-1654	-250
-270	-1668	-338
-157	-1401	-354
5	-1180	-247
79	-891	-216
81	-542	-181
-51	-578	-17
-202	-813	89
-214	-959	50
-283	-1081	-11
-330	-1178	46
-354	-1287	114
-381	-1340	120
-431	-1392	195
-548	-1455	420
-596	-1460	579
-583	-1474	467
-592	-1416	317
-653	-1411	305
-661	-1374	310
-562	-1276	286
-496	-1238	213
-506	-1254	61
-516	-1310	-78
-505	-1237	-150
-448	-1059	-167
-373	-969	-166
-379	-1018	-195
-445	-1227	-272
-465	-1532	-379
-393	-1771	-533
-350	-1732	-680
-326	-1679	-613
72	-1674	-514
670	-832	-620
652	-411	-256
262	-843	233
138	-986	169
48	-1171	112
-88	-1237	198
-117	-1227	392
-118	-1171	542
-153	-1127	626
-199	-1196	727
-250	-1157	748
-252	-1040	681
-260	-1167	535
-437	-1438	384
-827	-1286	240
-1263	-1290	196
-1090	-1371	179
-575	-1271	45
-470	-1422	-1
-540	-1593	43
-562	-1624	-14
-468	-1431	-53
-361	-1261	-52
-413	-1214	-66
-501	-1226	-114
-525	-1287	-158
-461	-1289	-150
-319	-1294	-193
-280	-1266	-269
-305	-1193	-314
-173	-1118	-300
-60	-976	-293
40	-685	-309
130	-525	-97
-15	-718	253
-116	-942	347
-72	-1081	232
-94	-1280	116
-171	-1540	163
-302	-1794	332
-481	-1914	448
-704	-1716	659
-822	-1292	941
-526	-1131	948
-138	-1270	767
-115	-1264	671
-325	-1441	550
-527	-1597	371
-598	-1520	275
-564	-1730	216
-557	-1839	92
-519	-1656	-79
-424	-1375	-191
-381	-1243	-220
-391	-1273	-248
-356	-1228	-291
-295	-1217	-292
-277	-1249	-269
-267	-1269	-300
-245	-1312	-373
-168	-1249	-378
-74	-1292	-297
104	-1086	-257
252	-580	-185
59	-586	71
-201	-839	287
-182	-996	252
-112	-1171	126
-262	-1478	174
-329	-1851	464
-472	-2018	643
-736	-1964	632
-583	-1635	856
-278	-1289	1094
-79	-1328	923
-148	-1172	667
-431	-1243	556
-697	-1548	378
-821	-1556	169
-691	-1816	91
-550	-1945	44
-455	-1744	-67
-354	-1469	-119
-336	-1304	-116
-394	-1290	-134
-409	-1327	-178
-346	-1433	-190
-265	-1519	-153
-187	-1494	-168
-16	-1237	-195
268	-844	-190
298	-649	-182
205	-583	-141
162	-559	-137
-97	-870	-127
-331	-1357	-42
-445	-1792	-8
-609	-2192	133
-803	-2061	315
-612	-1557	49
-449	-1505	-89
-533	-1686	347
-426	-1648	761
-549	-1403	968
-673	-1076	857
-805	-1141	703
-902	-1503	487
-655	-1646	150
-347	-1808	66
-209	-1997	136
-369	-1842	172
-494	-1576	42
-452	-1434	-99
-485	-1374	-170
-504	-1357	-248
-408	-1431	-256
-270	-1458	-236
-151	-1316	-244
-92	-1148	-243
1	-920	-256
43	-875	-240
92	-802	-237
74	-607	-327
-87	-760	-272
-289	-1085	-118
-385	-1339	-55
-323	-1581	-2
-557	-1777	21
-338	-1861	330
-536	-1792	67
-1108	-1894	-198
-744	-1784	610
-607	-1374	972
-485	-1381	870
-359	-1177	790
-556	-1233	676
-670	-1416	528
-616	-1324	340
-452	-1613	326
-368	-1840	355
-386	-1868	240
-420	-1725	49
-405	-1525	-76
-404	-1425	-122
-388	-1356	-156
-323	-1319	-175
-249	-1285	-159
-195	-1296	-179
-145	-1265	-223
41	-967	-223
242	-767	-214
260	-744	-222
119	-711	-234
-95	-856	-219
-322	-1184	-119
-496	-1572	-27
-568	-1874	1
-646	-1967	63
-636	-1820	0
-645	-1647	-75
-705	-1638	-7
-609	-1551	245
-618	-1445	731
-748	-1374	896
-775	-1069	675
-833	-1179	574
-833	-1402	460
-652	-1492	205
-435	-1810	116
-319	-1939	201
-388	-1972	204
-438	-1807	39
-404	-1576	-104
-409	-1446	-148
-379	-1341	-204
-298	-1335	-237
-222	-1307	-233
-165	-1259	-289
-59	-1090	-344
212	-759	-339
351	-768	-350
209	-821	-361
-38	-850	-320
-318	-1230	-159
-444	-1572	79
-467	-1841	156
-621	-1978	165
-619	-1856	225
-309	-1712	44
-237	-1801	19
-475	-1851	391
-637	-1653	611
-793	-1486	594
-955	-1180	456
-970	-831	384
-956	-1054	397
-866	-1244	304
-704	-1520	123
-543	-2000	20
-353	-1965	42
-336	-1929	48
-446	-1841	-39
-478	-1710	-149
-460	-1633	-198
-422	-1514	-194
-339	-1488	-166
-249	-1423	-148
-148	-1352	-137
58	-1090	-104
247	-652	-92
202	-692	-91
213	-686	-105
88	-616	-111
-261	-1002	-26
-350	-1376	60
-392	-1784	33
-457	-2031	-56
-509	-2012	-117
-611	-1827	-183
-839	-1535	-160
-776	-1536	-86
-520	-1648	37
-796	-1573	260
-1027	-1357	291
-974	-1013	283
-988	-1112	392
-850	-1205	380
-600	-1230	254
-496	-1557	152
-458	-1604	93
-426	-1611	78
-407	-1552	79
-366	-1426	36
-339	-1429	-55
-353	-1451	-141
-376	-1522	-163
-339	-1608	-150
-291	-1672	-123
-220	-1610	-127
-1	-1281	-212
119	-951	-193
84	-694	-138
12	-465	-145
-117	-490	-92
-186	-677	-43
-225	-897	-45
-311	-1222	-71
-461	-1553	-30
-583	-1771	46
-632	-1719	-82
-646	-1812	-259
-795	-1936	-73
-991	-1603	329
-959	-1420	509
-943	-1221	473
-877	-1035	518
-767	-1160	509
-717	-1280	338
-613	-1475	223
-506	-1717	187
-362	-1764	183
-311	-1674	160
-350	-1521	70
-374	-1413	-41
-394	-1397	-119
-383	-1422	-176
-329	-1481	-189
-254	-1438	-176
-173	-1279	-224
-54	-1057	-261
80	-825	-208
109	-807	-199
95	-754	-268
21	-722	-260
-188	-1083	-125
-357	-1414	-21
-446	-1619	-51
-481	-1736	-49
-521	-1738	24
-560	-1699	-7
-704	-1735	43
-863	-1799	266
-786	-1689	504
-781	-1494	671
-845	-1226	570
-808	-1064	511
-796	-1123	503
-768	-1210	304
-686	-1481	152
-580	-1836	93
-424	-1886	74
-347	-1826	49
-369	-1717	-27
-388	-1571	-105
-406	-1520	-159
-403	-1488	-204
-323	-1488	-199
-264	-1453	-160
-231	-1327	-164
-15	-1128	-185
222	-786	-189
317	-665	-211
301	-643	-201
110	-670	-143
-126	-1105	-80
-286	-1491	-37
-418	-1780	-54
-466	-2006	-14
-541	-2015	25
-588	-1942	-132
-759	-1846	-90
-890	-1790	239
-681	-1687	475
-725	-1471	622
-790	-1305	565
-746	-1048	499
-826	-1056	515
-788	-1169	385
-670	-1248	227
-581	-1622	135
-504	-1767	107
-454	-1794	79
-400	-1721	10
-369	-1573	-86
-404	-1538	-163
-434	-1525	-202
-398	-1579	-217
-311	-1510	-210
-266	-1324	-196
-225	-1166	-192
-119	-930	-187
-62	-820	-157
-19	-788	-147
-19	-640	-139
-176	-696	-54
-272	-899	29
-276	-1041	10
-315	-1209	-21
-323	-1360	11
-370	-1565	58
-438	-1738	-93
-597	-2033	-139
-1023	-2170	47
-1190	-1651	60
-899	-1483	292
-744	-1349	521
-726	-1057	573
-659	-1107	600
-673	-1069	378
-689	-1208	164
-622	-1511	80
-446	-1603	81
-302	-1646	120
-259	-1587	90
-285	-1460	-25
-346	-1460	-135
-402	-1497	-188
-407	-1536	-202
-321	-1525	-196
-235	-1489	-214
5	-1232	-276
371	-965	-278
704	-900	-433
498	-845	-483
-211	-998	-116
-337	-1356	61
-121	-1614	-79
-283	-1835	-236
-596	-2065	-66
-596	-1893	77
-529	-1567	-171
-712	-1572	-148
-709	-1598	141
-627	-1522	269
-852	-1406	374
-966	-1195	368
-1029	-1052	409
-1062	-1161	477
-800	-1309	319
-501	-1476	229
-216	-1749	194
-122	-1802	151
-266	-1779	89
-411	-1707	-19
-454	-1584	-109
-413	-1527	-187
-361	-1465	-252
-311	-1449	-274
-270	-1375	-273
-244	-1261	-282
-196	-1088	-302
-73	-1062	-275
240	-1065	-304
377	-734	-358
11	-661	-208
-218	-1013	2
-115	-1209	17
-168	-1435	-102
-270	-1670	-101
-382	-1839	30
-464	-1938	-18
-548	-1924	-74
-862	-1908	60
-967	-1665	175
-881	-1574	444
-813	-1505	618
-665	-1148	551
-575	-1046	583
-581	-1038	526
-634	-1045	291
-712	-1488	125
-640	-1842	57
-423	-1870	45
-230	-1741	59
-195	-1523	-10
-294	-1465	-129
-370	-1475	-208
-400	-1512	-238
-374	-1595	-222
-304	-1502	-190
-260	-1346	-167
-110	-1112	-166
34	-972	-148
85	-921	-152
130	-702	-202
31	-720	-171
-94	-849	-79
-208	-954	-41
-292	-1145	-78
-353	-1334	-129
-485	-1629	-122
-600	-1914	-184
-742	-2132	-166
-1079	-2130	55
-1341	-1632	109
-1021	-1544	300
-674	-1439	534
-735	-1168	587
-800	-1172	607
-863	-1088	379
-922	-1468	132
-738	-1798	3
-336	-1842	14
-106	-1743	96
-120	-1536	57
-247	-1462	-62
-402	-1433	-159
-441	-1502	-208
-402	-1565	-211
-315	-1565	-193
-232	-1411	-219
-109	-1135	-253
118	-930	-240
203	-803	-237
96	-643	-253
-53	-582	-216
-226	-782	-124
-268	-968	-80
-299	-1151	-101
-394	-1421	-73
-558	-1698	73
-658	-1854	11
-649	-1928	-188
-895	-2019	-96
-946	-1781	79
-743	-1601	512
-735	-1440	860
-793	-1165	814
-812	-1123	701
-800	-1173	441
-752	-1380	215
-616	-1648	98
-343	-1868	131
-231	-1868	198
-235	-1671	94
-226	-1524	-90
-358	-1425	-218
-497	-1419	-255
-548	-1513	-272
-443	-1570	-271
-313	-1392	-256
-204	-1165	-287
18	-934	-265
207	-726	-216
246	-564	-250
160	-455	-254
-36	-827	-162
-199	-1221	-1
-319	-1477	26
-403	-1708	-9
-482	-1825	66
-551	-1875	-0
-558	-1867	-168
-763	-2016	-43
-1053	-1881	325
-1129	-1517	510
-1183	-1391	429
-1157	-1172	410
-907	-1083	490
-656	-1190	436
-527	-1098	312
-580	-1367	225
-644	-1749	151
-595	-1871	74
-463	-1863	16
-336	-1705	-34
-352	-1609	-106
-401	-1521	-168
-389	-1424	-202
-337	-1370	-206
-268	-1280	-201
-234	-1154	-209
-148	-1014	-214
53	-821	-166
188	-706	-148
195	-681	-198
70	-713	-136
-146	-1015	-30
-255	-1323	22
-287	-1487	-52
-369	-1632	-87
-421	-1759	-43
-726	-1916	-32
-1165	-1864	175
-980	-1699	386
-679	-1625	635
-674	-1393	772
-644	-1188	728
-638	-1166	671
-585	-1121	452
-542	-1321	264
-550	-1686	173
-489	-1774	173
-419	-1729	158
-362	-1627	27
-343	-1477	-91
-385	-1399	-154
-370	-1352	-190
-309	-1397	-193
-246	-1455	-168
-275	-1441	-206
-190	-1230	-248
60	-896	-219
168	-762	-232
128	-662	-246
5	-583	-158
-146	-834	-71
-256	-1084	-26
-326	-1226	-51
-345	-1345	-53
-423	-1487	33
-522	-1596	41
-552	-1653	41
-672	-1909	155
-766	-1886	296
-787	-1697	479
-756	-1516	669
-681	-1264	722
-665	-1222	601
-642	-1184	381
-611	-1183	219
-574	-1396	150
-479	-1468	134
-402	-1429	142
-371	-1383	98
-344	-1282	-15
-344	-1280	-117
-352	-1301	-172
-329	-1350	-186
-279	-1418	-171
-271	-1363	-156
-217	-1323	-215
-27	-1092	-212
258	-878	-195
438	-856	-294
205	-749	-324
-155	-1122	-281
-187	-1482	-153
-236	-1482	-79
-344	-1441	-77
-367	-1361	-2
-438	-1381	10
-467	-1433	-23
-585	-1566	44
-765	-1670	195
-894	-1631	358
-952	-1580	496
-831	-1309	594
-681	-1136	619
-632	-1219	505
-570	-1156	313
-506	-1419	184
-437	-1693	123
-365	-1711	125
-350	-1684	91
-347	-1501	-21
-348	-1358	-110
-375	-1287	-170
-385	-1287	-194
-345	-1401	-212
-296	-1450	-217
-265	-1386	-242
-140	-1175	-265
137	-953	-217
421	-786	-239
390	-649	-325
57	-942	-267
-97	-1300	-142
-227	-1493	-79
-393	-1601	-106
-432	-1650	-48
-498	-1711	38
-523	-1671	-39
-629	-1721	29
-807	-1760	275
-856	-1722	541
-816	-1659	677
-760	-1296	654
-748	-1101	624
-742	-1206	513
-646	-1132	329
-591	-1382	207
-569	-1700	118
-484	-1708	33
-427	-1665	-22
-385	-1559	-94
-347	-1481	-171
-365	-1415	-193
-362	-1386	-183
-343	-1467	-185
-327	-1393	-191
-280	-1320	-238
-221	-1204	-279
74	-1007	-241
562	-770	-254
541	-557	-229
41	-1026	-21
-149	-1377	-5
-190	-1507	-167
-305	-1729	-182
-444	-1787	-10
-588	-1785	55
-598	-1636	-123
-718	-1690	-156
-771	-1730	-20
-713	-1580	284
-771	-1584	606
-830	-1379	552
-867	-1091	452
-828	-1049	490
-694	-1001	328
-631	-1302	154
-527	-1648	100
-351	-1738	104
-279	-1772	111
-269	-1672	22
-294	-1535	-90
-359	-1425	-163
-395	-1386	-192
-370	-1425	-204
-331	-1451	-210
-285	-1405	-248
-196	-1230	-316
86	-985	-296
340	-806	-270
237	-735	-304
93	-881	-218
-40	-1152	-117
-243	-1327	-64
-315	-1421	-76
-355	-1565	-56
-500	-1691	41
-593	-1666	-27
-660	-1731	-63
-879	-1930	93
-1018	-1801	281
-981	-1619	413
-884	-1353	488
-791	-1155	495
-759	-1246	402
-699	-1097	267
-610	-1262	164
-515	-1482	76
-438	-1505	66
-386	-1550	84
-346	-1447	3
-348	-1390	-105
-372	-1364	-146
-375	-1356	-155
-330	-1398	-180
-317	-1427	-162
-290	-1449	-247
-184	-1291	-294
225	-1063	-306
640	-861	-461
365	-720	-386
-28	-1072	-205
-67	-1369	-170
-200	-1455	-206
-369	-1585	-149
-478	-1613	51
-560	-1548	91
-527	-1485	14
-601	-1688	98
-683	-1842	210
-705	-1727	305
-785	-1530	389
-800	-1190	421
-812	-1002	488
-832	-1019	457
-781	-1037	277
-757	-1397	105
-618	-1662	-3
-372	-1608	-19
-235	-1521	40
-249	-1410	21
-370	-1408	-85
-456	-1448	-179
-466	-1514	-231
-451	-1663	-256
-387	-1721	-329
-271	-1579	-373
334	-1179	-390
865	-836	-523
575	-769	-529
225	-910	-341
-19	-1397	-285
-124	-1607	-263
-253	-1590	-191
-479	-1716	-23
-528	-1670	139
-511	-1583	43
-552	-1667	53
-742	-1763	349
-776	-1691	633
-710	-1592	777
-697	-1350	721
-662	-1116	587
-661	-1136	518
-637	-1108	361
-599	-1286	173
-592	-1782	78
-540	-1908	21
-422	-1787	-3
-370	-1675	-42
-408	-1548	-137
-472	-1529	-207
-471	-1497	-239
-361	-1472	-227
-298	-1410	-183
-220	-1417	-185
-13	-1282	-237
342	-851	-286
570	-615	-302
367	-679	-257
80	-904	-210
-94	-1301	-213
-269	-1665	-193
-433	-1889	-159
-547	-2032	-6
-591	-1944	53
-616	-1763	-89
-682	-1811	-37
-700	-1867	187
-679	-1758	518
-742	-1638	742
-822	-1263	706
-879	-1074	635
-825	-1149	534
-617	-1058	335
-485	-1340	151
-429	-1685	98
-389	-1740	163
-408	-1728	167
-416	-1670	20
-439	-1614	-145
-515	-1553	-222
-483	-1528	-241
-353	-1513	-222
-315	-1426	-199
-265	-1396	-259
-50	-1176	-274
296	-856	-265
573	-662	-338
377	-660	-331
-22	-1068	-246
-91	-1401	-185
-252	-1649	-148
-396	-1796	-118
-418	-1872	-3
-512	-1934	5
-610	-1819	1
-786	-1778	221
-767	-1719	401
-698	-1643	638
-673	-1491	709
-716	-1179	622
-842	-1118	543
-779	-1156	347
-620	-1203	223
-532	-1562	129
-492	-1728	85
-498	-1725	104
-494	-1701	46
-471	-1586	-64
-495	-1546	-151
-476	-1485	-200
-359	-1427	-188
-285	-1394	-162
-279	-1321	-172
-154	-1202	-194
59	-875	-194
235	-736	-228
276	-818	-279
101	-856	-277
-127	-1205	-226
-267	-1448	-126
-346	-1514	-80
-406	-1553	-70
-444	-1611	-7
-457	-1674	-59
-549	-1729	-129
-769	-1872	-60
-886	-1735	41
-813	-1583	257
-849	-1530	373
-904	-1201	361
-904	-1074	414
-875	-1097	353
-727	-1089	208
-613	-1464	110
-458	-1660	75
-343	-1693	113
-337	-1689	102
-353	-1537	-11
-389	-1498	-122
-405	-1436	-191
-375	-1400	-223
-293	-1426	-225
-252	-1327	-223
-236	-1221	-271
-80	-1021	-270
204	-891	-252
375	-887	-334
161	-871	-329
-173	-1141	-148
-201	-1341	-8
-261	-1399	-65
-373	-1424	-90
-398	-1407	-117
-303	-1517	-28
-267	-1631	66
-721	-1737	56
-1029	-1792	319
-862	-1644	294
-856	-1518	233
-843	-1251	362
-713	-1114	402
-720	-1133	429
-694	-1026	259
-677	-1288	99
-624	-1481	5
-537	-1548	-33
-460	-1602	-13
-390	-1505	-48
-384	-1474	-125
-389	-1419	-181
-385	-1375	-197
-357	-1388	-184
-310	-1354	-166
-299	-1347	-186
-151	-1238	-201
148	-958	-193
328	-828	-245
240	-852	-276
-38	-961	-186
-188	-1210	-69
-192	-1361	-16
-285	-1419	-83
-375	-1495	-44
-443	-1512	91
-490	-1498	-4
-545	-1568	-58
-755	-1665	80
-772	-1541	184
-683	-1435	400
-755	-1415	482
-809	-1148	404
-807	-1093	390
-753	-1258	255
-637	-1226	174
-537	-1458	161
-491	-1626	150
-437	-1645	119
-387	-1642	17
-329	-1441	-70
-285	-1337	-99
-302	-1271	-98
-284	-1210	-122
-248	-1185	-164
-246	-1170	-185
-246	-1271	-242
-216	-1220	-300
30	-996	-318
279	-882	-330
120	-799	-265
-162	-920	-142
-316	-1146	-29
-268	-1294	-30
-258	-1417	-98
-374	-1553	-38
-420	-1626	8
-491	-1642	-22
-586	-1762	105
-790	-1752	282
-916	-1639	381
-947	-1558	478
-894	-1236	528
-708	-1082	523
-614	-1148	443
-592	-1030	259
-638	-1310	115
-642	-1655	46
-573	-1714	33
-471	-1705	42
-371	-1564	-17
-358	-1459	-109
-374	-1418	-178
-371	-1457	-208
-306	-1509	-193
-240	-1432	-174
-181	-1390	-210
-12	-1170	-248
215	-874	-248
381	-861	-295
321	-827	-359
42	-969	-322
-90	-1261	-211
-222	-1469	-83
-393	-1580	-47
-410	-1625	-8
-460	-1667	54
-501	-1687	-47
-579	-1797	-80
-773	-1826	100
-837	-1635	374
-821	-1504	587
-817	-1343	576
-757	-1199	506
-707	-1185	517
-638	-1074	427
-582	-1212	276
-528	-1536	190
-464	-1689	122
-415	-1748	71
-380	-1687	14
-372	-1550	-75
-386	-1465	-149
-418	-1438	-200
-390	-1452	-208
-313	-1370	-188
-282	-1207	-174
-237	-1077	-187
-126	-916	-192
-67	-847	-165
-16	-852	-181
29	-750	-195
-150	-803	-114
-287	-960	-3
-269	-1073	31
-308	-1180	-10
-303	-1384	-2
-391	-1694	-14
-550	-1995	-110
-705	-2316	-39
-1210	-1975	60
-1174	-1584	247
-743	-1517	486
-794	-1208	584
-769	-1201	607
-727	-1257	409
-659	-1147	220
-541	-1304	147
-397	-1465	130
-294	-1476	175
-338	-1507	146
-365	-1486	25
-389	-1494	-104
-381	-1491	-181
-347	-1456	-205
-287	-1468	-195
-235	-1345	-165
-238	-1222	-180
-102	-1019	-167
102	-796	-120
160	-851	-191
153	-775	-241
-37	-961	-179
-227	-1261	-54
-283	-1311	8
-326	-1339	-30
-325	-1333	-9
-379	-1453	-4
-432	-1632	-106
-553	-1886	-100
-826	-1911	115
-1017	-1653	344
-1017	-1516	465
-865	-1270	544
-641	-1092	625
-550	-1199	571
-599	-1125	324
-644	-1330	134
-575	-1630	92
-411	-1658	121
-308	-1670	132
-288	-1546	37
-305	-1472	-92
-367	-1475	-185
-403	-1501	-217
-337	-1531	-201
-272	-1463	-157
-249	-1399	-186
-140	-1254	-241
126	-955	-224
324	-733	-246
231	-581	-256
62	-639	-206
-93	-924	-143
-275	-1228	-76
-401	-1472	-63
-471	-1670	-17
-517	-1775	69
-540	-1726	2
-585	-1751	-37
-722	-1754	172
-712	-1619	458
-652	-1551	706
-757	-1398	722
-760	-1152	533
-677	-1126	471
-623	-1139	379
-569	-1141	212
-570	-1498	129
-584	-1694	90
-509	-1600	63
-430	-1626	5
-411	-1550	-92
-401	-1489	-164
-392	-1463	-182
-353	-1434	-165
-291	-1382	-135
-255	-1243	-139
-184	-1149	-174
33	-939	-187
242	-739	-199
212	-817	-241
86	-795	-259
-103	-951	-208
-277	-1259	-64
-350	-1395	-1
-405	-1519	-82
-428	-1545	-48
-486	-1632	38
-541	-1687	24
-644	-1757	109
-810	-1743	330
-831	-1555	554
-695	-1489	635
-564	-1269	539
-545	-1038	462
-624	-1147	387
-679	-1077	247
-719	-1317	121
-698	-1657	81
-556	-1589	83
-439	-1637	54
-400	-1577	-5
-415	-1509	-88
-447	-1470	-135
-393	-1395	-139
-299	-1373	-113
-244	-1287	-103
-157	-1236	-121
14	-1014	-149
224	-667	-219
308	-752	-259
157	-817	-264
-73	-963	-261
-194	-1375	-197
-308	-1628	-128
-446	-1779	-90
-500	-1783	-18
-533	-1691	21
-573	-1552	-10
-643	-1500	70
-683	-1605	287
-689	-1586	527
-743	-1508	616
-784	-1285	522
-813	-1014	467
-785	-1191	410
-656	-1170	273
-581	-1338	132
-561	-1717	56
-514	-1681	44
-475	-1679	25
-436	-1606	-47
-424	-1497	-140
-439	-1436	-188
-413	-1337	-200
-320	-1284	-204
-276	-1244	-202
-264	-1273	-200
-103	-1191	-182
219	-880	-188
488	-786	-225
380	-797	-201
41	-989	-138
-172	-1375	-96
-264	-1620	-102
-336	-1757	-148
-435	-1802	-107
-530	-1793	-50
-577	-1672	-131
-675	-1639	-129
-788	-1718	76
-843	-1631	414
-878	-1528	657
-824	-1304	665
-712	-1059	631
-622	-1218	490
-477	-1164	283
-373	-1193	158
-426	-1565	160
-566	-1682	193
-615	-1711	106
-520	-1679	-34
-504	-1557	-181
-534	-1451	-274
-438	-1343	-273
-332	-1271	-245
-279	-1201	-207
-251	-1200	-169
-138	-1168	-187
87	-908	-242
184	-793	-283
183	-807	-301
15	-879	-280
-200	-1117	-223
-281	-1369	-133
-378	-1507	-86
-430	-1525	-93
-469	-1547	-37
-511	-1574	-38
-545	-1627	-112
-669	-1743	-17
-803	-1672	237
-855	-1587	447
-852	-1507	476
-793	-1230	419
-734	-1194	454
-668	-1116	429
-587	-1096	311
-537	-1328	225
-484	-1467	159
-419	-1622	120
-367	-1675	75
-335	-1584	1
-338	-1492	-77
-342	-1409	-138
-345	-1395	-182
-309	-1414	-197
-273	-1377	-202
-206	-1259	-232
-6	-994	-228
113	-825	-201
191	-842	-264
221	-765	-295
28	-920	-241
-214	-1291	-109
-319	-1401	-3
-329	-1426	-40
-341	-1456	17
-362	-1526	82
-411	-1635	34
-515	-1841	58
-745	-1932	343
-939	-1752	670
-936	-1521	697
-822	-1252	634
-605	-1150	608
-501	-1160	465
-512	-1124	244
-532	-1391	130
-559	-1661	118
-530	-1627	126
-492	-1639	88
-426	-1577	-59
-427	-1492	-187
-454	-1429	-226
-389	-1385	-224
-290	-1355	-178
-241	-1271	-173
-163	-1214	-174
25	-1010	-99
224	-814	-129
347	-865	-262
203	-883	-308
-139	-1085	-167
-276	-1415	25
-241	-1462	19
-249	-1552	-63
-299	-1667	-55
-419	-1717	-91
-554	-1783	-138
-823	-1751	23
-922	-1580	170
-756	-1475	262
-790	-1410	372
-811	-1173	312
-787	-1031	321
-815	-1107	326
-771	-1175	169
-715	-1401	69
-667	-1625	52
-568	-1650	43
-475	-1696	-3
-440	-1629	-76
-430	-1549	-120
-417	-1498	-143
-391	-1441	-167
-357	-1416	-171
-344	-1347	-165
-305	-1338	-197
-147	-1208	-218
66	-943	-188
187	-894	-253
182	-755	-282
41	-746	-206
-110	-986	-137
-235	-1090	-101
-388	-1263	-144
-512	-1413	-102
-688	-1554	-7
-712	-1536	-99
-649	-1624	-159
-822	-1883	93
-1012	-1789	405
-1052	-1611	491
-1025	-1427	519
-917	-1196	616
-735	-1251	539
-553	-1183	360
-452	-1135	257
-472	-1371	195
-517	-1492	192
-492	-1570	156
-411	-1490	30
-344	-1375	-86
-358	-1344	-154
-376	-1295	-185
-343	-1309	-190
-300	-1307	-178
-284	-1269	-177
-255	-1194	-205
-79	-986	-196
142	-854	-188
227	-683	-222
105	-684	-192
-102	-1026	-89
-236	-1308	-25
-330	-1444	-24
-361	-1434	-9
-368	-1477	49
-409	-1508	32
-427	-1638	-3
-631	-1920	168
-879	-1899	457
-913	-1681	608
-914	-1385	635
-747	-1081	628
-608	-1227	525
-601	-1224	300
-557	-1183	134
-520	-1477	116
-505	-1585	141
-508	-1670	110
-457	-1634	-18
-413	-1532	-147
-392	-1502	-197
-362	-1430	-211
-308	-1405	-199
-275	-1347	-180
-249	-1254	-158
-54	-1133	-129
172	-804	-147
246	-656	-147
243	-743	-119
102	-836	-82
-174	-1100	10
-301	-1412	60
-279	-1538	-13
-301	-1559	-75
-344	-1635	-62
-438	-1666	-120
-578	-1684	-149
-773	-1681	-9
-928	-1542	179
-950	-1450	366
-945	-1363	493
-827	-1192	490
-709	-1202	488
-633	-1186	433
-532	-1115	266
-526	-1337	154
-563	-1599	116
-572	-1693	94
-544	-1695	49
-451	-1606	-47
-410	-1515	-142
-460	-1459	-186
-422	-1397	-197
-306	-1334	-178
-235	-1212	-151
-178	-1100	-141
-93	-994	-146
-22	-775	-154
16	-775	-135
47	-792	-145
-13	-754	-138
-160	-1004	-46
-277	-1299	0
-360	-1548	-20
-385	-1655	2
-440	-1714	95
-500	-1614	57
-613	-1527	134
-911	-1730	384
-1017	-1662	444
-762	-1422	505
-587	-1343	534
-666	-1167	424
-810	-1257	253
-746	-1279	110
-557	-1147	109
-546	-1378	135
-617	-1486	80
-629	-1534	-2
-555	-1514	-89
-437	-1400	-158
-359	-1342	-157
-309	-1215	-124
-273	-1123	-109
-259	-1100	-120
-278	-1122	-130
-235	-1166	-142
-28	-1032	-177
67	-1019	-193
67	-1034	-201
31	-946	-198
-168	-1064	-79
-279	-1171	45
-285	-1195	-12
-318	-1200	-125
-379	-1321	-181
-533	-1502	-214
-755	-1581	-162
-1002	-1611	105
-1156	-1425	357
-1120	-1202	378
-1006	-1213	412
-754	-1105	450
-637	-1198	517
-711	-1140	502
-704	-1061	316
-634	-1549	234
-466	-1739	219
-336	-1687	199
-351	-1541	175
-414	-1395	110
-458	-1385	14
-414	-1328	-44
-309	-1266	-60
-243	-1172	-57
-225	-1071	-57
-188	-973	-93
-42	-787	-107
59	-641	-147
31	-680	-202
-77	-762	-175
-251	-900	-80
-314	-1228	19
-321	-1537	-7
-415	-1613	-72
-422	-1562	13
-426	-1436	66
-461	-1348	-5
-490	-1462	50
-582	-1600	183
-642	-1632	293
-781	-1575	437
-868	-1342	439
-847	-1108	453
-770	-1089	495
-617	-1125	342
-536	-1229	193
-508	-1422	135
-479	-1480	107
-448	-1496	95
-381	-1448	53
-364	-1384	-36
-382	-1380	-119
-382	-1369	-177
-354	-1373	-203
-291	-1317	-220
-288	-1271	-266
-186	-1178	-274
-26	-970	-213
100	-994	-226
165	-1047	-254
87	-1002	-145
-68	-1176	-13
-207	-1198	45
-170	-1116	42
-202	-1153	58
-120	-1277	154
-356	-1466	103
-787	-1694	-60
-748	-1823	38
-922	-1746	259
-982	-1590	319
-875	-1251	345
-833	-1222	472
-657	-1174	492
-569	-1019	327
-606	-1265	161
-610	-1349	68
-512	-1375	82
-424	-1347	134
-368	-1239	91
-363	-1243	-20
-409	-1237	-120
-414	-1307	-177
-410	-1431	-169
-400	-1519	-165
-326	-1506	-234
-230	-1230	-290
-23	-1157	-245
235	-974	-271
228	-647	-285
55	-887	-136
-60	-1164	-52
-186	-1213	-55
-286	-1199	-34
-339	-1213	52
-387	-1266	100
-371	-1332	-29
-457	-1600	-37
-726	-1757	277
-933	-1612	499
-946	-1482	477
-747	-1182	505
-521	-1249	543
-481	-1310	410
-528	-1156	213
-573	-1411	117
-588	-1464	118
-513	-1441	81
-422	-1389	-17
-384	-1251	-82
-375	-1242	-89
-366	-1229	-117
-318	-1274	-162
-301	-1376	-163
-276	-1438	-178
-77	-1325	-234
174	-871	-315
303	-858	-424
254	-1003	-395
-12	-1004	-237
-209	-1336	-118
-234	-1440	-87
-336	-1415	-141
-409	-1404	-78
-467	-1367	43
-471	-1347	-27
-510	-1427	-52
-694	-1663	61
-832	-1701	246
-972	-1497	508
-996	-1255	588
-888	-1098	617
-727	-1163	525
-578	-1217	270
-532	-1328	130
-505	-1721	106
-468	-1913	116
-432	-1796	23
-335	-1621	-85
-282	-1425	-132
-400	-1327	-149
-450	-1321	-166
-314	-1291	-187
-186	-1233	-181
-104	-1143	-183
-35	-971	-169
20	-696	-139
17	-691	-143
17	-731	-170
-87	-757	-145
-277	-1094	-45
-343	-1361	6
-420	-1522	-28
-437	-1588	5
-428	-1567	50
-434	-1661	-63
-459	-1853	-85
-638	-1911	166
-762	-1639	442
-749	-1331	575
-757	-1235	592
-688	-1124	617
-551	-1115	640
-472	-1088	539
-468	-1156	407
-540	-1549	302
-575	-1775	139
-494	-1782	-11
-363	-1615	-82
-289	-1484	-86
-293	-1506	-113
-314	-1497	-184
-309	-1453	-211
-267	-1316	-193
-196	-1218	-173
-68	-1128	-173
115	-804	-187
173	-738	-225
180	-794	-222
92	-841	-200
-175	-1195	-140
-305	-1402	-42
-324	-1478	-63
-367	-1540	-29
-405	-1586	60
-442	-1606	73
-468	-1671	23
-611	-1868	130
-796	-1786	430
-807	-1464	562
-763	-1279	618
-667	-1061	680
-646	-1069	677
-672	-1114	527
-611	-1168	325
-555	-1546	241
-468	-1731	133
-406	-1762	15
-365	-1678	-58
-336	-1553	-114
-325	-1510	-157
-322	-1461	-181
-317	-1486	-182
-315	-1466	-189
-309	-1389	-217
-132	-1255	-226
208	-878	-216
485	-760	-277
481	-788	-331
75	-941	-278
-269	-1305	-187
-236	-1304	-113
-260	-1386	-98
-379	-1534	-107
-507	-1642	-44
-575	-1769	-58
-676	-1920	-13
-900	-1978	283
-958	-1719	678
-770	-1516	957
-443	-1313	864
-314	-1162	682
-413	-1256	565
-475	-1128	370
-514	-1141	225
-554	-1549	184
-567	-1664	144
-548	-1659	48
-464	-1583	-50
-439	-1472	-130
-491	-1495	-205
-443	-1491	-222
-327	-1432	-185
-165	-1314	-146
12	-1202	-157
132	-1050	-265
357	-810	-325
424	-827	-323
152	-966	-304
-73	-1106	-260
-195	-1397	-188
-333	-1573	-75
-426	-1646	-26
-471	-1640	40
-450	-1636	142
-443	-1577	70
-583	-1652	169
-734	-1779	503
-765	-1628	656
-704	-1413	688
-628	-1121	594
-637	-1125	498
-658	-1200	393
-609	-1144	211
-566	-1419	122
-567	-1680	77
-547	-1650	29
-456	-1566	-16
-403	-1471	-91
-430	-1422	-160
-439	-1408	-197
-394	-1404	-209
-321	-1393	-181
-289	-1347	-155
-223	-1324	-165
5	-1116	-186
190	-850	-185
241	-807	-199
195	-806	-195
14	-927	-151
-198	-1219	-68
-319	-1367	14
-309	-1429	13
-310	-1455	54
-399	-1495	75
-415	-1574	-31
-596	-1935	86
-1002	-2012	334
-1071	-1576	442
-799	-1394	584
-671	-1160	559
-793	-1251	373
-822	-1291	270
-679	-1137	192
-535	-1386	133
-443	-1500	115
-433	-1498	88
-435	-1484	23
-403	-1413	-68
-378	-1382	-152
-363	-1338	-181
-321	-1308	-179
-265	-1297	-163
-264	-1269	-149
-209	-1232	-168
28	-1002	-170
255	-752	-168
335	-750	-204
168	-901	-179
-124	-1207	-109
-237	-1510	-66
-278	-1536	-61
-349	-1462	-79
-403	-1408	-15
-446	-1390	-20
-471	-1474	-111
-589	-1650	-50
-838	-1651	257
-1010	-1546	560
-976	-1425	612
-773	-1156	633
-567	-1325	568
-482	-1349	360
-442	-1210	199
-421	-1502	152
-488	-1576	198
-529	-1513	187
-442	-1502	52
-389	-1410	-100
-415	-1344	-189
-404	-1329	-218
-337	-1308	-206
-275	-1269	-181
-270	-1227	-172
-263	-1197	-186
-147	-1056	-193
47	-840	-182
180	-729	-201
144	-686	-192
-19	-866	-135
-177	-1234	-72
-282	-1383	-28
-330	-1377	-41
-365	-1364	23
-410	-1395	92
-426	-1474	34
-484	-1700	16
-682	-1888	221
-872	-1758	474
-871	-1520	523
-748	-1281	517
-649	-1241	505
-641	-1272	402
-606	-1139	279
-533	-1210	191
-507	-1422	151
-484	-1468	137
-472	-1521	89
-427	-1501	4
-390	-1405	-65
-395	-1356	-110
-374	-1307	-134
-308	-1275	-146
-268	-1264	-137
-268	-1314	-157
-167	-1264	-247
19	-981	-259
210	-850	-260
208	-849	-256
27	-892	-161
-77	-1121	-98
-169	-1283	-89
-290	-1378	-108
-381	-1464	-58
-450	-1543	68
-477	-1568	22
-527	-1658	-60
-735	-1816	60
-872	-1672	234
-748	-1460	379
-668	-1363	436
-699	-1098	419
-744	-1163	381
-728	-1207	313
-629	-1187	219
-562	-1530	148
-476	-1618	144
-368	-1697	136
-309	-1687	61
-285	-1526	-35
-290	-1434	-77
-295	-1331	-83
-278	-1315	-113
-263	-1264	-143
-240	-1197	-176
-210	-1167	-248
-160	-968	-290
-117	-929	-286
-40	-949	-307
-28	-810	-328
-134	-885	-252
-223	-1031	-94
-325	-1101	-4
-360	-1122	-13
-359	-1168	41
-397	-1297	99
-364	-1424	38
-383	-1717	-52
-643	-2003	122
-962	-1889	495
-1013	-1624	579
-804	-1347	592
-602	-1319	671
-519	-1239	565
-501	-1085	358
-532	-1310	198
-534	-1469	155
-460	-1515	181
-401	-1503	163
-367	-1393	49
-374	-1336	-71
-434	-1303	-133
-414	-1314	-173
-341	-1365	-173
-309	-1392	-161
-263	-1376	-227
-127	-1162	-290
174	-971	-273
440	-808	-307
263	-708	-307
-21	-972	-195
-72	-1295	-120
-236	-1435	-77
-375	-1425	-48
-380	-1402	62
-398	-1394	140
-386	-1404	82
-488	-1719	168
-715	-1928	420
-825	-1670	623
-776	-1462	704
-691	-1202	648
-703	-1261	516
-718	-1297	354
-657	-1121	207
-603	-1393	166
-566	-1549	155
-568	-1593	88
-516	-1617	-16
-450	-1531	-100
-419	-1486	-127
-384	-1432	-140
-324	-1365	-159
-248	-1330	-164
-226	-1260	-164
-155	-1145	-157
-3	-1020	-167
117	-776	-172
226	-703	-199
212	-719	-254
-41	-735	-221
-277	-1159	-59
-390	-1610	65
-480	-1835	14
-488	-1839	28
-437	-1626	31
-419	-1457	-119
-458	-1535	-71
-548	-1655	217
-622	-1517	490
-701	-1374	630
-790	-1326	551
-804	-1109	462
-718	-1109	499
-582	-1207	446
-481	-1273	291
-455	-1641	182
-443	-1766	135
-406	-1746	79
-370	-1690	10
-350	-1510	-70
-369	-1441	-135
-388	-1385	-172
-333	-1348	-191
-259	-1309	-184
-226	-1207	-197
-163	-1134	-225
8	-939	-240
193	-710	-214
222	-703	-197
140	-798	-203
-30	-991	-142
-260	-1281	-32
-316	-1501	39
-368	-1582	-38
-441	-1673	-55
-436	-1713	-30
-532	-1692	-94
-776	-1725	112
-966	-1627	513
-825	-1471	754
-626	-1359	823
-588	-1100	663
-634	-1152	475
-708	-1338	366
-687	-1288	198
-579	-1525	153
-497	-1717	176
-492	-1673	108
-489	-1631	-33
-453	-1516	-150
-432	-1392	-197
-383	-1362	-197
-299	-1377	-172
-247	-1362	-155
-219	-1282	-144
-207	-1162	-177
-96	-1042	-189
146	-776	-178
239	-543	-180
159	-607	-143
51	-786	-166
-131	-1016	-212
-300	-1305	-108
-449	-1597	11
-574	-1769	24
-614	-1705	13
-569	-1659	-70
-519	-1785	-49
-634	-1757	417
-706	-1477	1055
-506	-1203	1303
-277	-1163	1093
-330	-1105	775
-483	-1226	557
-508	-1466	324
-457	-1541	177
-451	-1849	251
-607	-1870	181
-634	-1767	-87
-528	-1640	-280
-510	-1348	-310
-445	-1319	-272
-326	-1338	-272
-241	-1384	-259
-212	-1381	-271
-208	-1175	-283
-180	-999	-261
-164	-884	-246
-136	-785	-221
-98	-772	-193
-27	-607	-176
21	-415	-114
-201	-596	68
-312	-904	271
-325	-1190	299
-496	-1544	434
-641	-1695	701
-681	-1688	664
-598	-1691	649
-569	-1464	931
-510	-1154	1087
-458	-1043	946
-590	-1179	627
-818	-1194	281
-1013	-1239	80
-960	-1511	3
-714	-1381	-40
-618	-1279	-95
-683	-1342	-154
-739	-1425	-256
-672	-1437	-375
-441	-1228	-366
-276	-1137	-263
-295	-1061	-194
-349	-1020	-189
-357	-1047	-222
-333	-1044	-221
-294	-1193	-230
-284	-1274	-252
-263	-1199	-174
-181	-1203	-52
29	-940	59
257	-625	191
102	-715	326
-73	-921	363
-59	-1050	236
-171	-1253	136
-284	-1487	213
-403	-1614	370
-559	-1636	567
-717	-1529	708
-682	-1375	717
-341	-1169	652
-144	-1174	552
-287	-1186	389
-469	-1084	224
-652	-1250	185
-819	-1115	169
-849	-1257	86
-783	-1620	-83
-637	-1595	-242
-417	-1485	-269
-259	-1223	-219
-249	-1141	-161
-310	-1172	-151
-340	-1177	-171
-329	-1238	-206
-301	-1231	-224
-295	-1299	-246
-308	-1379	-291
-184	-1336	-302
19	-1319	-360
113	-1068	-396
216	-857	-204
131	-930	-11
-120	-1075	81
-212	-1193	113
-166	-1329	86
-164	-1607	106
-376	-1769	-44
-556	-1775	-109
-914	-1486	245
-992	-1137	481
-686	-1130	455
-630	-1212	423
-510	-1202	294
-471	-1183	245
-529	-1251	299
-552	-1224	234
-596	-1372	121
-611	-1614	29
-562	-1604	-84
-414	-1496	-176
-305	-1291	-204
-301	-1206	-193
-333	-1222	-204
-349	-1277	-226
-357	-1344	-255
-333	-1404	-297
-311	-1500	-387
-287	-1417	-434
-11	-1218	-334
450	-995	-329
567	-736	-371
287	-813	-260
32	-1102	-149
-167	-1234	-96
-305	-1339	-71
-276	-1483	-33
-312	-1668	59
-396	-1758	85
-529	-1877	202
-721	-1812	492
-732	-1551	695
-580	-1497	737
-463	-1315	656
-460	-1093	568
-488	-1134	488
-520	-1121	305
-569	-1361	131
-568	-1712	62
-478	-1695	21
-376	-1619	-14
-349	-1495	-77
-401	-1422	-170
-446	-1408	-236
-427	-1364	-250
-336	-1370	-231
-290	-1318	-222
-197	-1141	-196
42	-871	-146
147	-732	-172
152	-910	-244
112	-1015	-248
-38	-1153	-187
-168	-1356	-52
-247	-1299	13
-314	-1226	-16
-361	-1201	4
-361	-1277	-19
-375	-1555	-8
-579	-1883	-3
-842	-1987	295
-894	-1838	782
-864	-1538	814
-736	-1343	725
-443	-1357	736
-363	-1193	601
-465	-1160	395
-537	-1406	266
-557	-1514	235
-481	-1533	253
-393	-1485	167
-365	-1378	-6
-437	-1348	-134
-493	-1346	-212
-424	-1369	-231
-358	-1419	-205
-332	-1404	-198
-281	-1318	-247
-122	-1137	-301
254	-916	-313
532	-758	-369
334	-755	-345
43	-1100	-246
-124	-1472	-183
-243	-1564	-100
-347	-1570	-62
-393	-1544	49
-261	-1572	128
-519	-1618	-119
-805	-1783	-2
-782	-1782	358
-864	-1584	455
-855	-1459	538
-768	-1259	514
-727	-1226	487
-687	-1222	367
-612	-1183	196
-537	-1356	150
-490	-1505	125
-452	-1560	99
-419	-1570	26
-390	-1464	-94
-365	-1411	-170
-360	-1371	-201
-371	-1407	-212
-364	-1489	-217
-350	-1440	-233
-278	-1367	-290
-68	-1178	-284
268	-913	-191
551	-801	-282
415	-806	-328
-14	-1048	-221
-269	-1331	-93
-352	-1411	-25
-407	-1481	-64
-437	-1513	-11
-465	-1575	-29
-482	-1699	-103
-621	-1888	18
-833	-1865	230
-919	-1614	488
-887	-1435	656
-776	-1219	636
-650	-1070	655
-552	-1066	564
-539	-1147	342
-579	-1481	165
-497	-1804	50
-386	-1819	78
-311	-1693	112
-285	-1567	-20
-461	-1570	-188
-492	-1594	-259
-369	-1594	-256
-289	-1525	-225
-177	-1364	-177
-58	-1175	-157
35	-901	-164
129	-788	-139
396	-799	-200
428	-694	-260
42	-977	-168
-243	-1456	-30
-318	-1612	-49
-392	-1733	-104
-489	-1717	20
-494	-1602	-22
-471	-1698	-201
-749	-1884	45
-1006	-1788	491
-931	-1598	743
-738	-1442	778
-553	-1227	622
-605	-1255	507
-681	-1232	356
-595	-1153	214
-534	-1439	178
-538	-1621	140
-535	-1567	97
-492	-1583	-1
-444	-1495	-128
-423	-1414	-196
-399	-1373	-207
-331	-1298	-192
-258	-1289	-170
-248	-1183	-167
-214	-1091	-179
-46	-958	-167
169	-700	-163
297	-844	-229
193	-979	-262
-89	-1141	-205
-284	-1515	-58
-338	-1628	-6
-355	-1632	-77
-376	-1583	-18
-408	-1536	2
-469	-1484	3
-639	-1618	201
-849	-1684	531
-824	-1513	776
-629	-1466	747
-549	-1310	590
-612	-1120	521
-734	-1162	439
-733	-1163	238
-645	-1435	72
-560	-1741	29
-456	-1698	25
-413	-1679	-22
-404	-1558	-112
-416	-1477	-189
-435	-1430	-212
-389	-1414	-178
-298	-1444	-118
-267	-1391	-61
-183	-1341	-48
134	-1070	-78
418	-733	-130
371	-725	-221
138	-713	-170
-120	-817	-48
-280	-1148	-4
-328	-1397	-39
-425	-1687	-105
-603	-1834	45
-693	-1714	140
-542	-1611	-129
-522	-1658	-141
-601	-1749	266
-601	-1631	566
-724	-1459	612
-809	-1238	505
-816	-896	482
-784	-1026	482
-719	-1158	307
-670	-1424	135
-557	-1733	96
-400	-1619	120
-330	-1628	126
-353	-1514	33
-427	-1417	-79
-467	-1406	-151
-404	-1341	-177
-306	-1338	-157
-271	-1308	-144
-216	-1284	-182
22	-1063	-212
300	-741	-211
342	-868	-268
161	-979	-267
-67	-1122	-206
-225	-1396	-92
-314	-1432	-17
-381	-1443	-78
-423	-1372	-28
-420	-1383	12
-400	-1479	-78
-508	-1699	-59
-710	-1824	91
-778	-1589	267
-764	-1451	388
-794	-1310	443
-831	-1067	516
-849	-1179	476
-735	-1225	302
-557	-1307	172
-426	-1525	139
-347	-1540	161
-352	-1592	151
-360	-1520	60
-367	-1428	-61
-368	-1393	-139
-348	-1328	-182
-295	-1305	-193
-247	-1274	-174
-255	-1237	-172
-225	-1144	-208
-110	-972	-223
57	-917	-186
159	-889	-215
76	-807	-287
-159	-899	-189
-324	-1080	8
-350	-1205	181
-302	-1344	178
-197	-1466	-3
-271	-1639	106
-477	-1777	58
-857	-1875	2
-1062	-1694	116
-861	-1403	105
-830	-1356	315
-879	-1146	344
-902	-1108	311
-809	-1120	266
-664	-1175	78
-579	-1449	-22
-448	-1517	-43
-387	-1520	10
-381	-1505	18
-380	-1416	-61
-357	-1383	-153
-327	-1344	-205
-318	-1344	-200
-259	-1361	-182
-248	-1316	-164
-240	-1250	-169
-87	-1091	-189
120	-1036	-143
462	-987	-247
332	-815	-341
-233	-979	-141
-356	-1275	59
-268	-1293	37
-255	-1319	-86
-302	-1346	-67
-402	-1398	-10
-426	-1505	-149
-517	-1713	-197
-790	-1772	4
-998	-1582	209
-1013	-1511	326
-927	-1318	377
-870	-1166	459
-777	-1238	432
-594	-1136	274
-478	-1136	173
-450	-1329	119
-420	-1388	110
-420	-1472	121
-418	-1483	62
-366	-1434	-48
-340	-1379	-129
-356	-1348	-168
-317	-1400	-157
-263	-1395	-144
-208	-1385	-177
22	-1175	-203
323	-790	-256
369	-821	-336
134	-905	-288
-99	-955	-188
-190	-1257	-106
-255	-1394	-46
-330	-1392	-91
-363	-1311	-64
-373	-1316	-11
-392	-1359	-89
-512	-1425	-24
-803	-1605	262
-1037	-1662	435
-1037	-1580	408
-908	-1341	415
-712	-1101	527
-583	-1154	497
-539	-1140	323
-538	-1243	165
-545	-1593	48
-478	-1661	21
-421	-1612	28
-363	-1465	-30
-317	-1286	-113
-341	-1159	-152
-369	-1093	-162
-335	-1158	-166
-292	-1197	-147
-259	-1254	-150
-104	-1198	-185
160	-888	-193
289	-827	-241
219	-894	-238
35	-956	-130
-133	-1285	-42
-245	-1556	-30
-356	-1634	-94
-373	-1600	-64
-413	-1511	30
-503	-1370	-49
-565	-1300	-142
-687	-1347	-47
-759	-1347	108
-792	-1385	225
-879	-1336	242
-893	-1073	194
-960	-1113	247
-871	-1208	230
-651	-1258	94
-587	-1514	51
-478	-1598	32
-411	-1606	-10
-388	-1538	-58
-348	-1356	-128
-354	-1230	-168
-337	-1175	-174
-286	-1227	-176
-269	-1313	-214
-260	-1354	-288
-207	-1280	-295
-134	-1032	-263
-64	-1012	-241
93	-1008	-268
163	-780	-293
-22	-827	-206
-201	-1070	-56
-272	-1197	12
-335	-1241	-44
-389	-1261	1
-421	-1332	113
-390	-1434	1
-422	-1666	-134
-608	-1849	8
-783	-1718	293
-878	-1554	486
-861	-1320	542
-819	-1169	620
-722	-1160	570
-608	-1152	338
-525	-1298	196
-368	-1432	164
-265	-1473	205
-247	-1514	225
-267	-1428	128
-293	-1347	-6
-313	-1330	-108
-335	-1340	-154
-331	-1400	-153
-311	-1423	-159
-306	-1415	-208
-201	-1264	-279
236	-1123	-239
682	-790	-331
362	-641	-402
-220	-970	-241
-211	-1199	-146
-137	-1378	-83
-291	-1423	-75
-417	-1441	-19
-512	-1480	44
-464	-1493	-133
-509	-1710	-109
-734	-1725	259
-792	-1551	519
-838	-1608	632
-824	-1445	595
-663	-1229	562
-546	-1196	555
-513	-1134	392
-542	-1312	203
-524	-1538	113
-432	-1548	117
-374	-1545	103
-348	-1467	6
-351	-1370	-113
-385	-1345	-179
-405	-1388	-196
-369	-1468	-193
-301	-1462	-193
-258	-1453	-249
-143	-1295	-281
24	-1073	-207
144	-955	-223
188	-747	-281
19	-683	-188
-209	-843	-77
-274	-954	-7
-286	-1089	-18
-273	-1138	-76
-434	-1529	21
-523	-1641	36
-556	-1813	-91
-992	-2120	28
-1265	-1508	222
-1049	-1380	283
-780	-1358	395
-653	-1306	519
-586	-1330	469
-551	-1139	315
-541	-1263	188
-512	-1367	113
-460	-1466	82
-427	-1493	58
-387	-1379	-2
-348	-1346	-81
-345	-1333	-148
-366	-1355	-175
-327	-1375	-173
-256	-1313	-167
-263	-1359	-189
-203	-1277	-243
-37	-1095	-180
224	-1057	-235
351	-824	-350
61	-760	-201
-208	-1104	-18
-203	-1205	-8
-270	-1249	-111
-366	-1382	-25
-403	-1542	131
-447	-1656	40
-519	-1763	-20
-765	-1795	179
-947	-1541	478
-840	-1456	683
-767	-1356	652
-736	-1107	572
-684	-1188	499
-635	-1176	342
-550	-1239	175
-498	-1662	61
-445	-1708	75
-451	-1680	88
-448	-1614	-12
-418	-1489	-134
-446	-1465	-188
-438	-1411	-199
-347	-1439	-177
-268	-1399	-138
-209	-1323	-147
-18	-1177	-176
249	-805	-189
307	-639	-204
221	-698	-182
103	-788	-183
-127	-1100	-179
-323	-1414	-70
-397	-1656	-26
-444	-1782	-15
-511	-1805	80
-589	-1727	174
-746	-1683	243
-823	-1781	304
-641	-1714	480
-533	-1527	679
-653	-1317	587
-814	-1057	449
-894	-1077	357
-805	-1119	199
-646	-1234	93
-556	-1595	5
-488	-1598	-10
-460	-1557	38
-465	-1516	13
-450	-1448	-82
-434	-1447	-153
-398	-1410	-171
-310	-1408	-138
-280	-1358	-97
-275	-1356	-122
-41	-1165	-160
258	-776	-142
355	-790	-188
266	-915	-218
44	-1022	-177
-159	-1369	-143
-267	-1467	-95
-369	-1501	-118
-439	-1582	-72
-516	-1646	5
-581	-1744	-37
-690	-1780	-36
-820	-1697	117
-790	-1588	432
-766	-1526	645
-760	-1225	511
-756	-1074	399
-752	-1066	371
-724	-1059	229
-705	-1360	131
-624	-1613	84
-512	-1659	60
-429	-1666	49
-399	-1610	-26
-408	-1544	-106
-426	-1520	-144
-409	-1532	-159
-357	-1560	-146
-308	-1557	-159
-136	-1440	-206
218	-1060	-257
486	-761	-291
533	-755	-311
247	-914	-301
-71	-1213	-263
-153	-1551	-207
-337	-1752	-145
-461	-1768	-70
-505	-1774	42
-532	-1628	-7
-601	-1578	-29
-785	-1747	179
-806	-1707	396
-699	-1611	583
-643	-1401	605
-669	-1037	478
-774	-1058	425
-790	-1075	343
-719	-1187	170
-650	-1658	59
-530	-1787	40
-464	-1724	78
-445	-1646	60
-443	-1580	-64
-492	-1563	-156
-491	-1496	-182
-411	-1488	-167
-330	-1419	-131
-231	-1292	-143
-60	-1147	-177
105	-780	-203
140	-748	-182
157	-828	-192
90	-833	-232
-125	-1105	-193
-252	-1311	-113
-349	-1508	-82
-477	-1627	-107
-530	-1704	-59
-617	-1758	-77
-745	-1839	-95
-857	-1985	36
-986	-1828	306
-1026	-1525	618
-891	-1262	659
-689	-977	613
-680	-1111	499
-713	-1184	232
-658	-1293	75
-587	-1696	89
-487	-1684	163
-447	-1616	151
-417	-1526	16
-460	-1433	-123
-541	-1439	-207
-485	-1432	-224
-373	-1452	-176
-303	-1448	-178
-214	-1354	-258
-26	-1084	-286
212	-880	-277
309	-902	-377
150	-911	-360
-87	-1032	-206
-198	-1279	-108
-266	-1374	-82
-371	-1481	-136
-463	-1632	-64
-564	-1779	21
-562	-1847	-77
-736	-1914	10
-1001	-1773	333
-904	-1509	562
-706	-1367	651
-648	-1144	595
-780	-1253	465
-846	-1211	311
-749	-1282	152
-587	-1645	89
-421	-1675	126
-415	-1706	138
-459	-1621	35
-490	-1540	-107
-533	-1538	-192
-482	-1465	-214
-378	-1451	-201
-313	-1352	-165
-266	-1245	-162
-177	-1172	-216
-0	-919	-226
181	-852	-237
305	-823	-325
134	-897	-280
-116	-1162	-131
-177	-1328	-67
-309	-1519	-100
-447	-1654	-118
-536	-1747	32
-570	-1725	19
-553	-1760	-131
-739	-1945	49
-862	-1864	331
-725	-1661	472
-677	-1430	540
-791	-1089	470
-1025	-1087	398
-980	-1071	258
-741	-1135	86
-625	-1486	59
-518	-1671	61
-466	-1752	50
-425	-1685	-9
-415	-1596	-110
-426	-1552	-192
-411	-1455	-217
-351	-1436	-212
-294	-1400	-191
-276	-1357	-207
-226	-1305	-261
-39	-1063	-249
330	-938	-288
485	-822	-396
225	-901	-351
-17	-1248	-239
-175	-1452	-156
-347	-1579	-100
-405	-1666	-79
-483	-1779	17
-546	-1765	-26
-622	-1794	-49
-844	-1884	151
-928	-1755	350
-850	-1620	492
-819	-1334	522
-826	-981	491
-887	-1079	465
-830	-1097	335
-693	-1229	163
-603	-1698	64
-464	-1903	38
-386	-1900	64
-392	-1755	25
-444	-1672	-85
-538	-1636	-173
-525	-1586	-226
-388	-1529	-213
-298	-1389	-181
-260	-1323	-204
-83	-1132	-241
238	-772	-279
412	-761	-304
371	-857	-308
125	-1059	-274
-101	-1351	-181
-219	-1500	-111
-396	-1723	-88
-491	-1858	-19
-533	-1913	-3
-594	-1892	-95
-776	-1989	29
-978	-1954	401
-956	-1672	764
-808	-1469	862
-660	-1164	703
-638	-1058	625
-751	-1182	476
-753	-1185	231
-666	-1526	132
-571	-1905	123
-490	-1855	131
-488	-1802	67
-514	-1699	-87
-605	-1629	-187
-594	-1622	-236
-416	-1541	-215
-276	-1392	-135
-215	-1271	-121
-132	-1246	-173
44	-1015	-208
264	-682	-201
381	-635	-239
223	-654	-175
-35	-872	-38
-247	-1355	-4
-358	-1760	-60
-446	-2112	-56
-622	-2193	47
-665	-1895	9
-759	-1576	-51
-755	-1524	62
-619	-1612	276
-689	-1550	454
-812	-1400	417
-895	-1162	290
-945	-940	295
-929	-1104	289
-789	-1192	177
-692	-1443	77
-667	-1779	-3
-560	-1727	-47
-474	-1712	-36
-462	-1604	-50
-483	-1543	-107
-497	-1539	-159
-426	-1492	-177
-359	-1465	-153
-316	-1395	-132
-150	-1307	-173
125	-977	-230
341	-651	-229
331	-831	-232
150	-913	-229
-66	-1135	-241
-198	-1472	-183
-352	-1665	-118
-467	-1749	-64
-497	-1707	70
-575	-1871	1
-196	-630	-33
